Assets/GIM/IGS0OPSRAP_20242180000_01D_02H_GIM.INX
     1.0            IONOSPHERE MAPS     MIX                 IONEX VERSION / TYPE
tecrms2ionex_2.awk  SRRC/UWM           08/07/24  508UT      PGM / RUN BY / DATE
Global ionosphere maps for day 218, 2024 ( 5- 8-2024)       DESCRIPTION
IONEX file containing the COMBINED IGS Ionosphere maps      DESCRIPTION
from the combination of all available IAACS                 DESCRIPTION
Contact address: Andrzej Krankowski                         DESCRIPTION
                 Space Radio-Diagnostics Research Centre    DESCRIPTION
                 University of Warmia and Mazury (SRRC/UWM) DESCRIPTION
                 Oczapowski St. 1                           DESCRIPTION
                 10-957-Olsztyn, POLAND                     DESCRIPTION
                 e-mail:  kand@uwm.edu.pl                   DESCRIPTION
                                                            DESCRIPTION
  2024     8     5     0     0     0                        EPOCH OF FIRST MAP
  2024     8     6     0     0     0                        EPOCH OF LAST MAP
  7200                                                      INTERVAL
    13                                                      # OF MAPS IN FILE
  COSZ                                                      MAPPING FUNCTION
     0.0                                                    ELEVATION CUTOFF
Combined TEC calculated as weighted mean of input TEC valuesOBSERVABLES USED
   248                                                      # OF STATIONS
    31                                                      # OF SATELLITES
  6371.0                                                    BASE RADIUS
     2                                                      MAP DIMENSION
   450.0 450.0   0.0                                        HGT1 / HGT2 / DHGT
    87.5 -87.5  -2.5                                        LAT1 / LAT2 / DLAT
  -180.0 180.0   5.0                                        LON1 / LON2 / DLON
    -1                                                      EXPONENT
TEC values in  0.1 TECUs; 9999 if no value available        COMMENT
DCB values in nanoseconds, reference is Sum_of_SatDCBs = 0  COMMENT
                                                            END OF HEADER
[from data line 3003]
     8                                                      START OF TEC MAP
  2024     8     5    14     0     0                        EPOCH OF CURRENT MAP
    87.5-180.0 180.0   5.0 450.0                            LAT/LON1/LON2/DLON/H
  213  215  216  216  218  218  220  220  221  222  223  223  224  225  226  226
  227  228  228  229  229  230  230  230  231  230  230  231  231  230  230  230
  230  230  229  228  228  227  226  225  225  224  223  222  220  219  219  218
  217  216  215  214  213  213  213  212  211  211  210  210  210  210  209  210
  210  210  211  211  211  212  212  213  213
    85.0-180.0 180.0   5.0 450.0                            LAT/LON1/LON2/DLON/H
  205  207  208  210  212  214  215  217  219  220  222  223  225  226  227  228
  228  230  230  231  232  233  233  234  235  236  236  236  237  237  237  237
  236  236  235  235  234  232  231  229  228  226  224  222  220  219  216  215
  213  211  209  208  207  206  205  203  203  202  201  201  200  200  199  199
  200  199  199  200  201  201  203  204  205
    82.5-180.0 180.0   5.0 450.0                            LAT/LON1/LON2/DLON/H
  195  198  200  202  204  207  209  211  214  216  217  219  220  222  223  224
  225  226  227  228  229  230  232  232  234  235  237  237  239  240  241  242
  242  242  241  241  239  239  236  235  232  229  227  224  221  219  216  214
  212  210  208  206  205  204  202  201  200  199  198  197  196  194  193  193
  192  191  191  191  191  192  193  194  195
    80.0-180.0 180.0   5.0 450.0                            LAT/LON1/LON2/DLON/H
  186  188  190  193  195  198  200  204  206  208  210  212  214  214  215  216
  217  218  219  220  221  223  225  226  229  231  234  236  239  241  243  245
  246  247  247  247  246  245  242  240  237  234  231  228  225  221  219  217
  215  213  212  211  210  209  208  207  206  205  203  202  200  197  195  193
  190  188  186  185  184  183  184  184  186
    77.5-180.0 180.0   5.0 450.0                            LAT/LON1/LON2/DLON/H
  177  179  180  183  186  189  192  196  198  200  203  204  205  205  206  206
  206  207  208  209  211  214  217  219  223  227  231  235  239  243  246  249
  251  252  254  254  253  251  249  246  243  240  236  233  230  227  225  223
  222  221  221  221  221  221  221  221  221  219  217  215  212  208  203  198
  195  190  186  183  180  178  177  177  177
    75.0-180.0 180.0   5.0 450.0                            LAT/LON1/LON2/DLON/H
  171  171  172  175  177  181  185  188  191  194  196  196  196  196  196  196
  196  196  198  199  203  206  211  215  219  225  230  234  239  244  247  252
  255  257  258  259  258  257  255  252  249  246  243  240  237  236  235  233
  233  234  235  236  237  239  240  240  239  238  235  232  228  222  216  209
  203  196  190  184  180  175  173  171  171
    72.5-180.0 180.0   5.0 450.0                            LAT/LON1/LON2/DLON/H
  166  165  166  168  171  175  179  183  186  188  189  190  189  188  187  187
  187  187  190  193  197  201  207  212  218  223  229  234  239  244  247  252
  256  260  262  263  263  262  260  258  256  253  251  249  247  246  246  246
  247  249  250  252  255  256  257  259  258  257  254  249  243  236  228  219
  211  202  194  187  180  175  171  167  166
    70.0-180.0 180.0   5.0 450.0                            LAT/LON1/LON2/DLON/H
  162  161  161  164  167  170  175  179  183  185  186  186  185  184  182  181
  182  183  185  190  195  201  207  214  219  225  229  234  237  242  246  250
  254  259  263  265  265  265  264  263  262  259  259  257  258  258  258  259
  261  263  264  266  267  269  271  271  270  268  264  259  252  243  235  224
  215  205  197  188  181  174  169  165  162
    67.5-180.0 180.0   5.0 450.0                            LAT/LON1/LON2/DLON/H
  159  157  157  159  162  166  171  176  180  183  184  184  184  182  181  180
  180  182  186  190  196  203  210  216  221  226  229  232  234  237  241  245
  250  256  261  265  267  268  268  268  267  267  266  267  267  269  270  271
  272  274  275  275  275  275  275  274  271  268  263  258  249  241  232  221
  212  202  194  186  179  172  167  162  159
    65.0-180.0 180.0   5.0 450.0                            LAT/LON1/LON2/DLON/H
  154  151  151  153  155  161  166  172  177  181  184  184  184  183  181  181
  182  183  187  193  199  205  212  217  221  224  226  227  228  230  234  239
  246  252  259  264  268  270  271  272  273  273  274  276  277  278  280  281
  282  281  280  278  275  272  269  266  262  257  252  244  237  228  219  209
  200  192  184  177  171  166  162  157  154
    62.5-180.0 180.0   5.0 450.0                            LAT/LON1/LON2/DLON/H
  145  143  143  144  148  153  159  167  174  178  182  184  185  184  183  183
  183  185  189  194  200  207  212  217  219  220  220  220  221  223  228  234
  242  251  259  267  271  274  276  278  279  280  282  284  286  287  288  288
  288  285  281  277  271  264  258  252  247  240  234  226  218  208  199  191
  182  175  169  164  160  156  152  148  145
    60.0-180.0 180.0   5.0 450.0                            LAT/LON1/LON2/DLON/H
  134  131  131  133  137  143  151  159  167  174  180  183  185  185  184  184
  184  186  190  194  201  206  210  213  213  213  211  211  213  217  224  233
  243  254  263  272  278  281  283  285  286  288  290  291  294  294  295  294
  292  288  282  274  266  257  248  240  233  226  218  209  201  192  182  173
  165  158  152  149  146  143  140  136  134
    57.5-180.0 180.0   5.0 450.0                            LAT/LON1/LON2/DLON/H
  121  118  117  119  123  130  139  148  159  167  174  180  182  184  184  183
  183  186  189  193  198  202  205  207  206  205  204  204  208  215  225  236
  249  261  272  280  287  290  292  294  295  296  298  299  300  301  301  299
  296  291  284  275  264  254  244  235  227  219  211  202  193  183  172  162
  153  145  140  136  134  131  128  124  121
    55.0-180.0 180.0   5.0 450.0                            LAT/LON1/LON2/DLON/H
  109  104  104  105  108  115  125  136  147  158  168  175  179  181  182  181
  181  184  187  191  196  199  201  201  200  198  199  202  209  219  231  245
  258  272  283  291  297  301  303  304  305  305  305  307  307  307  306  304
  301  296  288  280  269  259  249  241  233  226  218  209  199  188  177  165
  153  143  136  130  126  123  118  114  109
    52.5-180.0 180.0   5.0 450.0                            LAT/LON1/LON2/DLON/H
  102   96   93   93   96  102  111  122  135  148  160  168  174  177  179  179
  180  181  185  190  194  198  199  199  197  197  200  206  216  228  242  256
  270  282  292  301  306  311  313  315  315  315  314  314  314  314  313  311
  308  303  297  289  281  272  264  257  250  244  237  228  218  205  193  179
  166  154  143  135  128  122  116  109  102
    50.0-180.0 180.0   5.0 450.0                            LAT/LON1/LON2/DLON/H
  103   95   89   87   87   92  100  111  124  138  151  161  169  173  175  176
  178  180  185  190  195  200  201  201  200  201  207  216  228  241  255  268
  279  289  299  307  315  320  324  326  327  326  324  323  322  321  320  318
  316  311  307  301  295  288  282  276  270  264  257  249  240  228  216  201
  187  172  160  149  140  131  122  113  103
    47.5-180.0 180.0   5.0 450.0                            LAT/LON1/LON2/DLON/H
  113  103   95   89   87   88   93  102  114  130  144  156  165  171  175  177
  179  182  187  193  200  205  208  209  211  214  221  232  244  255  266  275
  284  293  302  311  321  330  336  339  340  338  336  333  331  330  329  327
  324  321  317  313  308  301  296  290  285  279  273  266  258  248  237  224
  209  195  182  169  158  148  137  125  113
    45.0-180.0 180.0   5.0 450.0                            LAT/LON1/LON2/DLON/H
  131  119  109  101   95   91   92   98  110  125  140  153  163  171  176  181
  183  187  191  199  207  215  220  224  227  233  242  252  261  269  274  279
  286  294  305  317  331  343  352  356  357  354  350  346  343  341  339  336
  332  328  326  321  315  310  303  295  288  280  273  268  263  256  249  239
  227  214  202  190  179  167  156  143  131
    42.5-180.0 180.0   5.0 450.0                            LAT/LON1/LON2/DLON/H
  152  140  129  119  109  102   98  101  110  124  140  154  165  173  181  187
  190  193  198  206  217  228  236  242  249  257  266  274  279  281  281  283
  289  299  314  331  348  363  374  379  378  374  368  363  357  354  349  345
  341  337  332  327  319  309  299  287  277  267  259  254  252  250  247  242
  234  225  215  205  196  186  175  164  152
    40.0-180.0 180.0   5.0 450.0                            LAT/LON1/LON2/DLON/H
  171  161  151  140  128  117  109  108  115  129  143  158  169  179  188  195
  199  202  206  214  227  241  253  262  272  281  290  296  295  293  290  290
  299  314  335  357  378  395  406  411  408  400  391  382  375  369  362  356
  350  345  338  331  320  307  293  277  262  249  240  235  234  235  236  235
  232  227  220  213  206  199  191  182  171
    37.5-180.0 180.0   5.0 450.0                            LAT/LON1/LON2/DLON/H
  185  177  169  159  147  134  123  118  123  135  151  165  177  188  198  206
  210  212  215  225  239  256  270  282  293  304  312  315  311  304  301  306
  321  346  375  401  423  439  450  452  446  435  420  407  396  386  377  369
  362  356  349  340  327  311  294  276  258  243  229  223  222  223  226  227
  226  224  219  215  211  206  200  193  185
    35.0-180.0 180.0   5.0 450.0                            LAT/LON1/LON2/DLON/H
  192  186  181  173  162  149  136  129  132  144  160  174  186  198  208  217
  222  224  228  237  252  270  285  299  311  323  330  331  325  319  322  334
  361  396  432  462  483  497  504  502  492  475  455  436  420  406  396  387
  381  375  369  359  346  330  313  296  277  260  245  234  229  227  226  226
  225  223  220  217  213  209  204  198  192
    32.5-180.0 180.0   5.0 450.0                            LAT/LON1/LON2/DLON/H
  194  189  185  179  171  158  147  138  141  152  168  183  196  208  220  230
  236  239  243  253  269  286  301  314  325  337  343  345  341  341  351  377
  416  462  506  537  556  565  566  559  543  521  495  469  448  431  420  411
  407  405  401  394  383  370  358  346  331  313  295  281  267  255  246  240
  236  233  228  223  218  214  207  200  194
    30.0-180.0 180.0   5.0 450.0                            LAT/LON1/LON2/DLON/H
  195  188  184  180  174  164  153  146  147  159  175  190  204  217  231  243
  252  257  262  273  287  303  316  326  337  347  355  360  362  370  392  431
  483  540  589  621  635  637  630  616  595  568  536  505  480  462  450  446
  445  447  446  443  436  431  426  421  411  396  377  356  333  308  287  273
  262  256  248  240  232  223  213  203  195
    27.5-180.0 180.0   5.0 450.0                            LAT/LON1/LON2/DLON/H
  196  186  181  178  173  165  155  149  152  163  178  195  211  227  241  256
  268  276  284  296  310  322  333  340  348  358  369  378  389  408  444  496
  559  623  674  704  712  706  690  668  643  612  578  543  516  499  490  489
  494  499  503  501  497  496  499  501  498  486  467  442  410  374  342  318
  303  291  280  268  255  241  226  210  196
    25.0-180.0 180.0   5.0 450.0                            LAT/LON1/LON2/DLON/H
  203  189  179  174  170  163  156  151  154  165  180  197  214  233  251  269
  285  297  309  322  335  346  353  357  364  374  389  406  426  457  504  566
  636  703  753  779  779  763  738  710  683  651  616  582  557  542  538  540
  548  555  558  555  550  551  558  565  567  559  542  517  481  437  397  367
  347  332  318  303  286  266  244  223  203
    22.5-180.0 180.0   5.0 450.0                            LAT/LON1/LON2/DLON/H
  215  194  182  174  169  163  156  154  156  166  179  196  216  237  260  281
  300  317  333  349  362  371  376  379  385  398  417  442  472  513  570  637
  708  773  818  835  827  803  771  739  711  682  650  621  600  590  589  594
  602  608  606  596  583  578  583  591  594  590  578  557  523  480  440  408
  386  370  355  337  318  294  268  240  215
    20.0-180.0 180.0   5.0 450.0                            LAT/LON1/LON2/DLON/H
  230  206  189  178  171  165  160  158  159  166  178  194  215  241  267  292
  315  335  355  373  387  396  402  406  414  430  455  488  526  575  635  702
  769  826  862  869  852  820  786  755  729  705  681  660  646  640  641  646
  651  650  636  612  585  568  562  563  566  564  559  547  524  492  458  431
  411  396  382  365  345  319  291  260  230
    17.5-180.0 180.0   5.0 450.0                            LAT/LON1/LON2/DLON/H
  248  220  199  186  176  169  164  163  163  166  175  190  213  241  270  299
  325  349  372  393  408  419  427  434  446  467  499  538  583  635  694  756
  813  858  882  876  851  816  785  760  741  727  712  700  692  690  692  694
  691  676  646  604  559  524  504  496  495  495  497  497  490  473  452  432
  417  405  393  379  360  337  310  279  248
    15.0-180.0 180.0   5.0 450.0                            LAT/LON1/LON2/DLON/H
  266  237  213  196  184  175  170  169  168  167  172  185  208  239  272  303
  332  359  385  407  425  439  451  464  481  508  545  589  636  687  740  792
  835  866  876  861  830  800  778  764  756  750  745  741  738  738  736  732
  720  690  644  583  519  466  433  414  408  408  415  426  434  435  428  418
  408  400  391  379  363  345  322  295  266
    12.5-180.0 180.0   5.0 450.0                            LAT/LON1/LON2/DLON/H
  281  253  228  208  193  182  177  175  172  169  169  180  203  236  270  304
  334  364  391  416  437  455  473  492  517  550  592  636  681  726  770  809
  839  856  854  834  805  783  774  773  776  779  782  782  782  779  773  762
  739  698  636  559  480  415  371  344  331  329  338  358  378  392  397  396
  392  387  380  371  358  345  328  306  281
    10.0-180.0 180.0   5.0 450.0                            LAT/LON1/LON2/DLON/H
  291  267  242  220  202  190  183  180  174  167  164  174  197  230  266  301
  334  365  394  421  445  469  494  521  553  592  634  676  715  753  786  812
  830  836  829  809  788  778  783  795  806  815  820  820  816  809  799  783
  753  703  632  546  460  390  342  312  293  287  295  316  340  361  373  378
  377  374  368  359  349  339  328  312  291
     7.5-180.0 180.0   5.0 450.0                            LAT/LON1/LON2/DLON/H
  297  275  251  229  209  195  187  183  175  166  161  168  191  224  262  298
  333  365  396  423  452  481  514  550  590  632  674  710  741  768  790  807
  815  816  810  796  788  793  811  829  843  851  853  847  837  825  810  792
  761  710  638  552  467  400  357  328  305  292  294  311  333  352  365  373
  374  369  361  352  343  334  325  314  297
     5.0-180.0 180.0   5.0 450.0                            LAT/LON1/LON2/DLON/H
  295  277  255  233  213  197  188  182  174  163  157  164  186  219  258  296
  332  366  398  428  460  496  537  581  626  671  710  739  762  779  792  801
  805  806  805  805  813  830  851  869  878  879  871  856  838  820  805  790
  764  719  653  574  496  438  406  382  356  334  330  340  353  366  376  382
  383  374  364  353  342  332  321  310  295
     2.5-180.0 180.0   5.0 450.0                            LAT/LON1/LON2/DLON/H
  287  270  252  231  212  196  186  179  170  160  154  161  183  217  257  297
  335  371  404  437  472  515  562  612  663  707  742  764  779  789  796  801
  805  809  816  830  849  873  893  901  901  888  867  840  814  793  781  773
  756  721  666  598  533  490  471  455  428  400  388  390  394  395  398  403
  399  386  371  358  347  332  319  303  287
