Assets/GIM/IGS0OPSRAP_20242820000_01D_02H_GIM.INX
     1.0            IONOSPHERE MAPS     MIX                 IONEX VERSION / TYPE
tecrms2ionex_2.awk  SRRC/UWM           10/10/24  510UT      PGM / RUN BY / DATE
Global ionosphere maps for day 282, 2024 ( 8-10-2024)       DESCRIPTION
IONEX file containing the COMBINED IGS Ionosphere maps      DESCRIPTION
from the combination of all available IAACS                 DESCRIPTION
Contact address: Andrzej Krankowski                         DESCRIPTION
                 Space Radio-Diagnostics Research Centre    DESCRIPTION
                 University of Warmia and Mazury (SRRC/UWM) DESCRIPTION
                 Oczapowski St. 1                           DESCRIPTION
                 10-957-Olsztyn, POLAND                     DESCRIPTION
                 e-mail:  kand@uwm.edu.pl                   DESCRIPTION
                                                            DESCRIPTION
  2024    10     8     0     0     0                        EPOCH OF FIRST MAP
  2024    10     9     0     0     0                        EPOCH OF LAST MAP
  7200                                                      INTERVAL
    13                                                      # OF MAPS IN FILE
  COSZ                                                      MAPPING FUNCTION
     0.0                                                    ELEVATION CUTOFF
Combined TEC calculated as weighted mean of input TEC valuesOBSERVABLES USED
   254                                                      # OF STATIONS
    31                                                      # OF SATELLITES
  6371.0                                                    BASE RADIUS
     2                                                      MAP DIMENSION
   450.0 450.0   0.0                                        HGT1 / HGT2 / DHGT
    87.5 -87.5  -2.5                                        LAT1 / LAT2 / DLAT
  -180.0 180.0   5.0                                        LON1 / LON2 / DLON
    -1                                                      EXPONENT
TEC values in  0.1 TECUs; 9999 if no value available        COMMENT
DCB values in nanoseconds, reference is Sum_of_SatDCBs = 0  COMMENT
                                                            END OF HEADER
[from data line 3432]
     9                                                      START OF TEC MAP
  2024    10     8    16     0     0                        EPOCH OF CURRENT MAP
    87.5-180.0 180.0   5.0 450.0                            LAT/LON1/LON2/DLON/H
  176  178  181  182  184  186  187  190  191  192  193  194  195  196  197  197
  198  198  198  198  197  197  197  196  195  194  193  192  191  189  188  186
  185  184  182  181  179  178  176  175  173  171  170  168  166  166  165  163
  162  161  160  159  159  158  158  158  157  157  158  158  159  159  160  161
  163  164  165  167  168  170  173  174  176
    85.0-180.0 180.0   5.0 450.0                            LAT/LON1/LON2/DLON/H
  167  171  175  179  183  187  190  193  196  199  201  203  204  206  207  208
  209  209  209  209  209  208  207  205  204  202  201  199  196  194  191  189
  187  184  181  178  176  173  171  169  166  163  161  158  156  154  151  149
  147  145  143  141  140  138  137  136  135  134  134  134  135  136  138  140
  141  144  146  150  153  156  159  163  167
    82.5-180.0 180.0   5.0 450.0                            LAT/LON1/LON2/DLON/H
  153  158  164  168  174  179  184  188  192  195  199  201  203  206  207  208
  209  210  211  211  210  210  209  208  206  204  202  200  197  194  190  187
  184  180  176  173  171  167  165  162  159  157  154  152  149  146  143  140
  137  134  131  129  126  123  121  119  117  116  115  114  114  115  116  117
  120  122  126  129  133  138  142  148  153
    80.0-180.0 180.0   5.0 450.0                            LAT/LON1/LON2/DLON/H
  134  140  146  152  157  163  169  174  179  183  187  190  193  196  197  199
  201  202  203  204  204  205  205  205  204  202  200  198  195  191  187  183
  179  175  170  167  164  160  158  155  153  150  148  146  143  140  137  134
  131  127  124  122  118  115  112  109  106  104  102  101  100  100  100  100
  102  104  106  110  114  118  123  128  134
    77.5-180.0 180.0   5.0 450.0                            LAT/LON1/LON2/DLON/H
  114  120  126  131  138  144  149  155  159  164  168  172  175  178  181  183
  185  188  190  192  194  196  198  199  199  199  198  196  192  189  184  180
  174  169  164  160  156  152  150  148  146  144  141  139  137  135  132  129
  127  123  120  117  115  112  109  107  104  101   99   96   94   92   91   91
   91   92   93   95   97  101  104  110  114
    75.0-180.0 180.0   5.0 450.0                            LAT/LON1/LON2/DLON/H
   97  101  106  111  117  122  128  133  138  143  147  151  155  158  161  165
  167  171  174  178  183  186  190  193  195  197  197  195  193  188  183  177
  171  165  159  154  150  146  143  141  139  136  135  133  130  128  125  122
  119  117  115  113  113  112  111  109  107  104  101   99   96   93   91   90
   88   88   87   87   88   89   91   94   97
    72.5-180.0 180.0   5.0 450.0                            LAT/LON1/LON2/DLON/H
   84   86   90   94   99  104  108  113  118  123  128  133  137  142  146  150
  154  158  163  168  173  179  185  191  195  198  199  198  195  190  184  177
  169  161  154  148  144  140  137  135  132  130  127  124  121  117  114  111
  109  107  107  107  109  110  111  111  111  110  108  105  102  100   96   94
   92   90   89   87   85   84   83   84   84
    70.0-180.0 180.0   5.0 450.0                            LAT/LON1/LON2/DLON/H
   78   77   79   82   85   90   94  100  105  110  115  120  126  132  137  142
  147  153  158  164  170  178  187  194  200  203  204  203  199  194  186  178
  169  159  152  144  139  135  133  130  127  124  120  115  110  105  101   98
   96   95   96   99  102  106  109  111  114  113  112  110  108  105  103  101
   99   96   94   92   88   84   82   79   78
    67.5-180.0 180.0   5.0 450.0                            LAT/LON1/LON2/DLON/H
   75   74   75   77   80   84   89   93   98  103  109  115  123  130  138  144
  151  156  161  166  174  184  194  204  210  213  214  211  206  199  191  181
  170  160  150  143  138  134  132  129  125  121  115  108  101   95   90   86
   83   84   87   90   95  100  104  108  111  112  112  111  108  107  106  104
  104  103  100   98   93   88   83   79   75
    65.0-180.0 180.0   5.0 450.0                            LAT/LON1/LON2/DLON/H
   76   74   75   77   81   85   90   94   98  104  110  117  125  135  144  151
  159  165  169  175  185  196  208  220  226  229  227  221  214  206  196  185
  174  163  154  146  141  138  135  133  129  123  115  107   98   91   85   80
   79   80   82   85   89   93   98  102  104  105  105  104  102  102  102  102
  104  104  104  102   98   92   86   81   76
    62.5-180.0 180.0   5.0 450.0                            LAT/LON1/LON2/DLON/H
   78   77   77   81   85   91   96   99  104  108  114  121  130  141  152  161
  168  174  179  187  197  211  226  238  244  244  239  231  222  212  202  191
  180  170  162  155  150  147  145  142  138  130  122  113  104   97   92   88
   87   86   87   88   90   92   94   95   97   97   96   95   93   91   92   94
   97  100  102  102   99   94   88   82   78
    60.0-180.0 180.0   5.0 450.0                            LAT/LON1/LON2/DLON/H
   80   79   81   85   91   97  103  108  111  114  119  125  134  145  155  165
  174  179  187  195  208  224  240  252  258  256  248  237  226  217  207  198
  191  182  175  169  165  161  159  156  152  145  137  128  119  114  110  109
  107  106  104  103  101   98   97   95   94   92   89   85   82   80   80   82
   86   91   96   98   97   94   88   83   80
    57.5-180.0 180.0   5.0 450.0                            LAT/LON1/LON2/DLON/H
   81   80   83   89   95  103  110  116  119  121  123  127  134  143  152  161
  169  177  185  197  212  230  247  260  265  260  250  238  228  220  213  208
  203  199  193  187  184  180  178  174  170  165  158  151  145  142  141  140
  139  137  133  127  122  115  109  105  100   95   90   83   77   72   70   71
   75   81   87   92   94   92   88   84   81
    55.0-180.0 180.0   5.0 450.0                            LAT/LON1/LON2/DLON/H
   83   84   86   91   98  106  116  123  126  128  129  130  134  139  145  152
  158  165  175  190  208  228  245  257  261  254  244  233  225  221  220  220
  219  216  213  208  203  200  197  195  191  188  183  178  176  176  177  178
  178  175  168  161  152  142  133  125  118  111  101   92   81   72   66   64
   66   73   81   88   92   92   90   86   83
    52.5-180.0 180.0   5.0 450.0                            LAT/LON1/LON2/DLON/H
   90   88   89   92   99  109  120  129  135  138  137  137  138  139  141  143
  146  152  163  178  197  217  234  245  247  241  231  223  220  224  229  233
  236  235  232  227  222  218  216  214  213  211  209  208  208  211  215  217
  217  213  206  197  185  175  165  155  147  136  124  111   96   83   72   67
   67   72   81   89   95   97   95   92   90
    50.0-180.0 180.0   5.0 450.0                            LAT/LON1/LON2/DLON/H
  101   97   96   97  103  113  126  140  149  154  156  155  155  152  149  147
  146  149  156  170  187  204  219  227  228  224  218  215  219  228  239  248
  253  252  247  242  237  234  233  234  235  236  236  238  241  245  249  251
  251  248  240  230  219  209  199  189  179  167  155  138  121  104   89   79
   78   81   89   99  106  110  109  104  101
    47.5-180.0 180.0   5.0 450.0                            LAT/LON1/LON2/DLON/H
  119  113  108  107  111  122  138  156  170  180  187  190  191  187  181  173
  166  163  166  174  185  195  205  210  211  209  207  211  222  238  254  264
  269  267  260  253  248  246  248  252  257  262  265  267  270  274  278  280
  278  273  264  256  246  236  227  219  209  197  185  170  153  134  117  105
   99  100  107  117  125  129  128  125  119
    45.0-180.0 180.0   5.0 450.0                            LAT/LON1/LON2/DLON/H
  141  134  127  124  126  138  157  180  201  219  232  241  247  245  239  228
  216  206  200  197  197  198  200  201  202  203  207  218  236  257  274  286
  287  282  271  263  258  258  264  271  281  290  294  297  298  300  300  298
  295  288  280  270  261  253  246  238  230  221  212  200  188  172  155  141
  131  130  133  142  150  154  153  149  141
    42.5-180.0 180.0   5.0 450.0                            LAT/LON1/LON2/DLON/H
  166  158  150  147  150  164  185  213  242  267  290  308  321  324  319  308
  293  276  259  243  228  216  208  206  207  210  221  237  261  286  304  313
  311  301  287  275  271  273  282  296  310  323  327  328  326  323  318  312
  303  294  283  274  265  257  251  245  240  235  231  229  223  214  200  186
  174  167  168  173  179  181  179  174  166
    40.0-180.0 180.0   5.0 450.0                            LAT/LON1/LON2/DLON/H
  189  182  175  172  178  193  220  253  290  325  358  384  404  415  414  405
  389  366  340  310  278  252  234  227  228  235  249  272  301  328  346  352
  345  330  311  297  292  297  309  328  348  362  367  364  355  346  334  321
  308  295  281  270  261  255  249  246  242  242  244  251  255  255  246  233
  220  209  205  205  208  207  203  197  189
    37.5-180.0 180.0   5.0 450.0                            LAT/LON1/LON2/DLON/H
  209  202  198  197  204  224  255  296  341  387  428  462  489  506  513  508
  494  468  433  391  346  307  280  268  269  277  296  323  356  385  402  405
  395  374  351  333  327  334  350  373  395  410  412  403  389  371  352  333
  315  298  283  270  260  253  248  246  245  247  255  269  282  289  287  277
  264  251  242  238  233  229  222  215  209
    35.0-180.0 180.0   5.0 450.0                            LAT/LON1/LON2/DLON/H
  221  217  215  216  227  251  288  336  390  444  492  533  567  590  604  606
  595  570  532  483  429  380  346  330  328  340  362  393  429  460  476  477
  464  438  410  389  381  389  408  433  457  469  465  449  427  402  378  355
  334  316  299  284  271  263  258  256  255  257  266  283  302  315  318  311
  299  286  274  264  256  246  235  227  221
    32.5-180.0 180.0   5.0 450.0                            LAT/LON1/LON2/DLON/H
  229  225  224  227  241  270  314  368  430  491  546  592  630  659  681  689
  686  667  630  579  523  471  432  412  409  421  445  479  518  550  568  568
  551  522  492  469  459  464  484  510  530  536  525  501  472  443  417  393
  373  355  336  318  302  292  286  282  279  278  283  297  314  328  335  332
  323  310  298  285  272  258  243  234  229
    30.0-180.0 180.0   5.0 450.0                            LAT/LON1/LON2/DLON/H
  232  230  229  232  248  280  329  390  458  525  584  633  675  711  738  757
  762  750  721  675  623  572  533  509  504  516  542  579  619  654  673  674
  657  627  596  571  560  562  578  600  615  611  589  557  524  495  471  453
  436  419  400  378  358  343  334  328  320  311  307  311  321  332  339  339
  332  323  313  300  283  265  248  237  232
    27.5-180.0 180.0   5.0 450.0                            LAT/LON1/LON2/DLON/H
  234  234  232  235  251  286  340  404  474  543  604  656  701  741  777  807
  821  819  798  764  720  675  638  613  606  618  646  685  727  764  785  789
  774  747  719  695  679  674  683  698  702  688  655  616  582  558  543  533
  523  508  484  458  431  410  395  384  370  353  337  329  329  333  337  337
  333  327  320  308  291  270  251  237  234
    25.0-180.0 180.0   5.0 450.0                            LAT/LON1/LON2/DLON/H
  237  237  236  238  255  293  348  415  484  552  612  663  708  753  799  838
  863  870  861  838  805  769  736  712  706  720  750  792  837  875  900  909
  898  877  851  828  805  789  787  792  787  761  720  676  644  628  624  623
  618  602  576  543  510  481  462  444  424  399  373  353  341  337  337  335
  332  328  322  312  295  273  252  240  237
    22.5-180.0 180.0   5.0 450.0                            LAT/LON1/LON2/DLON/H
  240  243  245  248  266  304  362  429  497  561  617  663  705  753  806  854
  888  904  904  893  872  846  819  799  798  817  853  897  943  982 1011 1025
 1020 1002  979  953  923  895  881  874  861  828  780  734  704  695  699  705
  703  686  657  621  584  550  523  500  473  442  411  383  362  350  344  339
  334  330  324  314  298  275  254  242  240
    20.0-180.0 180.0   5.0 450.0                            LAT/LON1/LON2/DLON/H
  245  252  258  265  284  325  385  452  519  579  628  667  704  750  807  861
  899  922  930  929  917  899  880  869  876  905  947  995 1041 1082 1114 1131
 1129 1111 1087 1057 1019  981  955  940  920  884  832  784  754  749  756  763
  761  744  715  681  644  606  573  541  510  478  446  416  392  377  364  354
  344  336  329  317  299  277  256  245  245
    17.5-180.0 180.0   5.0 450.0                            LAT/LON1/LON2/DLON/H
  250  261  272  284  308  354  417  487  556  612  654  684  712  754  811  867
  909  934  947  952  947  935  924  923  943  983 1034 1085 1131 1170 1202 1218
 1213 1193 1164 1127 1082 1038 1007  987  965  928  875  822  788  779  783  786
  781  765  744  717  685  650  611  572  536  506  476  450  426  408  393  378
  363  348  334  320  300  277  258  248  250
    15.0-180.0 180.0   5.0 450.0                            LAT/LON1/LON2/DLON/H
  255  270  286  303  332  383  453  531  604  660  697  720  739  773  826  880
  921  948  963  971  969  962  958  970 1001 1054 1112 1164 1206 1242 1269 1280
 1268 1239 1200 1157 1112 1070 1038 1019  997  960  905  846  803  783  777  772
  766  758  750  739  718  685  642  596  557  527  502  479  457  439  421  403
  382  362  342  322  300  278  258  250  255
    12.5-180.0 180.0   5.0 450.0                            LAT/LON1/LON2/DLON/H
  257  273  294  316  352  409  486  573  654  715  753  771  785  812  856  905
  943  970  987  994  993  989  991 1011 1055 1116 1179 1230 1265 1291 1309 1311
 1289 1249 1202 1157 1115 1080 1055 1037 1017  981  923  854  798  765  748  739
  736  741  750  756  747  717  671  619  576  545  521  499  479  460  442  422
  399  374  348  324  300  277  259  250  257
    10.0-180.0 180.0   5.0 450.0                            LAT/LON1/LON2/DLON/H
  257  275  297  324  363  425  511  607  698  766  808  829  841  862  899  943
  979 1006 1022 1028 1026 1022 1027 1055 1106 1171 1234 1277 1302 1316 1324 1315
 1284 1237 1184 1138 1102 1076 1058 1044 1026  989  928  852  784  741  717  708
  712  730  756  778  777  751  703  648  600  565  536  509  485  466  448  429
  405  378  350  324  299  277  259  251  257
     7.5-180.0 180.0   5.0 450.0                            LAT/LON1/LON2/DLON/H
  258  274  297  326  368  432  522  626  726  803  852  879  895  914  946  985
 1023 1051 1067 1070 1066 1063 1071 1101 1154 1217 1274 1307 1317 1319 1317 1302
 1265 1213 1157 1113 1084 1067 1054 1045 1026  989  925  846  772  723  698  695
  711  744  782  811  814  788  738  680  628  584  546  508  476  453  436  419
  398  373  346  320  297  277  261  252  258
     5.0-180.0 180.0   5.0 450.0                            LAT/LON1/LON2/DLON/H
  262  276  299  326  368  433  523  629  734  817  875  913  937  959  988 1025
 1064 1095 1111 1114 1109 1107 1116 1148 1198 1254 1298 1318 1314 1306 1299 1281
 1243 1191 1137 1094 1069 1055 1045 1036 1019  982  918  840  768  722  707  717
  745  785  825  850  847  817  766  708  651  600  548  497  456  427  410  396
  380  359  336  314  294  277  264  257  262
     2.5-180.0 180.0   5.0 450.0                            LAT/LON1/LON2/DLON/H
  270  283  303  329  370  433  520  624  727  812  875  922  957  986 1018 1056
 1097 1129 1147 1150 1147 1147 1159 1188 1232 1276 1307 1312 1297 1282 1275 1261
 1228 1180 1127 1085 1058 1042 1031 1021 1004  968  910  839  778  745  744  764
  798  836  866  878  865  827  775  718  661  602  541  479  427  393  376  366
  355  340  323  307  292  280  271  266  270
