Assets/GIM/IGS0OPSRAP_20242170000_01D_02H_GIM.INX
     1.0            IONOSPHERE MAPS     MIX                 IONEX VERSION / TYPE
tecrms2ionex_2.awk  SRRC/UWM           08/06/24  508UT      PGM / RUN BY / DATE
Global ionosphere maps for day 217, 2024 ( 4- 8-2024)       DESCRIPTION
IONEX file containing the COMBINED IGS Ionosphere maps      DESCRIPTION
from the combination of all available IAACS                 DESCRIPTION
Contact address: Andrzej Krankowski                         DESCRIPTION
                 Space Radio-Diagnostics Research Centre    DESCRIPTION
                 University of Warmia and Mazury (SRRC/UWM) DESCRIPTION
                 Oczapowski St. 1                           DESCRIPTION
                 10-957-Olsztyn, POLAND                     DESCRIPTION
                 e-mail:  kand@uwm.edu.pl                   DESCRIPTION
                                                            DESCRIPTION
  2024     8     4     0     0     0                        EPOCH OF FIRST MAP
  2024     8     5     0     0     0                        EPOCH OF LAST MAP
  7200                                                      INTERVAL
    13                                                      # OF MAPS IN FILE
  COSZ                                                      MAPPING FUNCTION
     0.0                                                    ELEVATION CUTOFF
Combined TEC calculated as weighted mean of input TEC valuesOBSERVABLES USED
   243                                                      # OF STATIONS
    31                                                      # OF SATELLITES
  6371.0                                                    BASE RADIUS
     2                                                      MAP DIMENSION
   450.0 450.0   0.0                                        HGT1 / HGT2 / DHGT
    87.5 -87.5  -2.5                                        LAT1 / LAT2 / DLAT
  -180.0 180.0   5.0                                        LON1 / LON2 / DLON
    -1                                                      EXPONENT
TEC values in  0.1 TECUs; 9999 if no value available        COMMENT
DCB values in nanoseconds, reference is Sum_of_SatDCBs = 0  COMMENT
                                                            END OF HEADER
[from data line 1716]
     5                                                      START OF TEC MAP
  2024     8     4     8     0     0                        EPOCH OF CURRENT MAP
    87.5-180.0 180.0   5.0 450.0                            LAT/LON1/LON2/DLON/H
  184  185  186  188  190  191  193  194  195  196  198  199  200  202  203  203
  204  205  206  206  207  207  207  207  207  207  208  208  208  208  207  207
  207  207  207  207  206  206  205  204  203  202  201  200  199  198  196  194
  193  192  189  189  187  185  184  183  183  182  181  180  180  179  179  179
  179  179  179  179  181  181  181  182  184
    85.0-180.0 180.0   5.0 450.0                            LAT/LON1/LON2/DLON/H
  168  172  174  177  180  183  186  189  192  195  198  200  202  205  207  208
  210  212  214  214  214  214  214  215  214  214  212  211  210  208  207  207
  207  206  206  205  205  205  204  205  204  204  203  203  202  201  199  196
  193  190  188  186  182  180  177  174  171  169  167  164  163  161  160  159
  159  158  157  158  159  162  164  166  168
    82.5-180.0 180.0   5.0 450.0                            LAT/LON1/LON2/DLON/H
  156  159  163  167  171  174  179  183  189  192  197  200  202  206  208  209
  210  211  212  212  215  215  214  213  211  208  207  205  204  201  200  198
  197  198  197  198  198  199  199  200  202  203  205  206  206  205  204  202
  199  195  192  188  184  180  176  172  167  163  158  155  151  148  146  144
  142  141  141  142  143  146  149  152  156
    80.0-180.0 180.0   5.0 450.0                            LAT/LON1/LON2/DLON/H
  146  149  153  157  162  167  171  177  181  184  188  193  196  199  202  203
  203  204  204  204  203  200  204  200  197  195  192  190  187  185  183  183
  183  183  183  186  188  191  194  196  199  203  207  210  212  212  212  210
  207  205  201  197  193  188  184  178  173  167  161  156  151  147  143  139
  137  136  135  135  136  138  140  143  146
    77.5-180.0 180.0   5.0 450.0                            LAT/LON1/LON2/DLON/H
  142  145  148  151  156  160  165  171  178  182  186  189  190  191  191  191
  191  191  191  191  192  187  183  181  181  175  171  171  170  169  168  166
  166  168  170  173  176  181  187  194  200  206  210  215  218  221  222  222
  220  219  216  212  209  204  200  194  188  181  175  169  164  159  153  148
  145  142  140  139  138  137  137  139  142
    75.0-180.0 180.0   5.0 450.0                            LAT/LON1/LON2/DLON/H
  144  146  147  148  152  158  165  173  179  181  179  179  179  178  177  176
  175  174  175  172  172  172  165  164  162  161  158  153  149  148  149  149
  150  152  155  161  168  174  181  189  198  207  215  223  227  233  234  236
  236  236  234  231  227  225  222  216  210  203  198  192  186  181  175  169
  165  162  157  153  150  145  144  144  144
    72.5-180.0 180.0   5.0 450.0                            LAT/LON1/LON2/DLON/H
  151  149  149  150  154  160  166  171  174  172  171  171  170  168  166  161
  158  160  156  155  156  154  148  148  146  143  141  139  137  134  134  135
  136  141  147  153  160  171  181  191  202  213  223  231  239  245  247  250
  252  253  253  251  250  247  243  240  234  228  223  218  212  207  201  196
  191  186  181  176  169  163  158  154  151
    70.0-180.0 180.0   5.0 450.0                            LAT/LON1/LON2/DLON/H
  161  155  153  153  155  158  162  165  166  166  168  166  164  160  155  150
  150  146  143  142  139  136  134  135  132  130  129  129  127  126  127  128
  131  137  143  153  161  172  187  198  210  224  235  243  252  257  260  262
  265  267  270  268  268  267  264  261  256  250  246  241  236  232  227  222
  218  211  206  201  193  185  178  168  161
    67.5-180.0 180.0   5.0 450.0                            LAT/LON1/LON2/DLON/H
  172  163  156  153  152  154  158  160  163  166  166  164  161  155  150  147
  142  140  137  132  129  128  127  129  126  125  122  123  123  123  124  127
  132  139  148  158  169  182  196  210  223  236  245  255  263  268  272  275
  277  279  281  281  280  280  278  276  271  266  261  257  253  250  245  242
  238  233  228  223  216  207  197  184  172
    65.0-180.0 180.0   5.0 450.0                            LAT/LON1/LON2/DLON/H
  184  172  160  153  149  151  154  157  162  164  163  161  157  153  148  145
  140  139  134  131  129  128  127  128  126  125  122  121  122  122  126  131
  138  146  156  167  180  195  210  223  238  250  258  267  274  279  282  285
  287  290  290  290  289  288  285  282  278  272  268  264  261  258  254  251
  246  245  241  238  231  224  213  201  184
    62.5-180.0 180.0   5.0 450.0                            LAT/LON1/LON2/DLON/H
  197  181  165  153  147  147  149  153  157  158  156  156  154  151  149  146
  143  141  138  135  133  131  129  130  127  126  124  123  126  128  132  137
  145  155  165  179  193  210  225  239  254  265  273  280  285  288  292  295
  298  300  300  297  295  294  289  284  279  273  269  265  262  259  255  252
  250  247  246  243  240  234  226  212  197
    60.0-180.0 180.0   5.0 450.0                            LAT/LON1/LON2/DLON/H
  210  190  176  158  146  144  145  148  150  150  149  149  149  148  147  147
  147  146  141  140  138  134  131  129  129  127  129  128  131  134  138  143
  151  163  174  189  204  223  240  255  268  278  286  292  295  299  302  305
  309  311  310  307  303  300  293  285  279  273  268  265  262  258  254  251
  248  246  246  244  243  242  235  226  210
    57.5-180.0 180.0   5.0 450.0                            LAT/LON1/LON2/DLON/H
  220  203  186  168  150  146  143  143  143  143  142  140  141  142  143  146
  148  148  144  142  141  135  132  129  129  127  131  132  133  137  144  149
  157  168  183  200  215  234  252  268  280  290  297  302  305  308  313  318
  321  323  322  319  313  307  299  290  282  276  271  266  263  259  255  251
  246  245  244  245  246  245  242  233  220
    55.0-180.0 180.0   5.0 450.0                            LAT/LON1/LON2/DLON/H
  228  212  198  181  162  153  145  141  139  137  135  133  133  135  138  142
  144  144  141  140  139  132  129  126  127  126  128  130  134  140  147  155
  164  176  191  209  228  244  261  277  289  300  308  313  316  322  327  332
  336  337  336  332  324  316  307  300  291  284  279  274  271  266  261  256
  252  248  248  249  252  252  250  242  228
    52.5-180.0 180.0   5.0 450.0                            LAT/LON1/LON2/DLON/H
  238  223  210  193  178  165  154  148  142  137  132  128  128  128  131  134
  137  137  135  133  129  123  119  117  119  119  121  128  136  145  152  162
  173  185  200  216  234  251  268  284  298  310  319  325  331  336  342  349
  353  354  353  347  338  330  320  313  306  300  295  290  285  279  274  270
  265  260  259  259  260  262  259  250  238
    50.0-180.0 180.0   5.0 450.0                            LAT/LON1/LON2/DLON/H
  250  236  223  209  195  180  166  157  152  144  136  129  127  124  125  126
  127  127  125  122  117  109  106  105  107  110  116  124  137  149  159  170
  182  195  209  225  241  256  273  290  305  319  331  341  347  355  362  369
  372  375  374  365  357  347  338  332  325  319  314  309  303  297  292  287
  283  278  274  273  273  273  271  263  250
    47.5-180.0 180.0   5.0 450.0                            LAT/LON1/LON2/DLON/H
  264  250  238  226  211  195  180  169  164  157  149  139  135  126  123  120
  120  119  116  110  104   99   95   94   96  103  111  124  138  155  167  181
  193  207  220  233  247  262  278  295  313  330  344  355  366  376  383  392
  394  397  393  386  377  369  359  354  346  340  333  326  320  316  310  306
  301  296  291  288  286  285  282  275  264
    45.0-180.0 180.0   5.0 450.0                            LAT/LON1/LON2/DLON/H
  277  264  252  240  223  208  193  181  175  169  164  155  149  137  128  123
  120  116  111  105   98   94   90   90   93  102  112  128  145  163  177  191
  205  219  231  243  255  269  284  304  323  342  358  373  387  399  410  418
  420  421  416  409  400  393  384  376  367  359  349  339  331  327  323  320
  316  311  306  302  299  298  295  287  277
    42.5-180.0 180.0   5.0 450.0                            LAT/LON1/LON2/DLON/H
  287  274  262  249  234  220  205  193  186  182  179  171  165  154  142  133
  128  123  117  110  103   98   94   94   98  107  119  136  155  172  188  203
  217  230  241  252  263  276  291  312  334  357  377  394  412  424  438  447
  449  451  444  439  429  420  411  400  388  375  362  347  336  330  327  324
  322  320  317  314  311  309  306  298  287
    40.0-180.0 180.0   5.0 450.0                            LAT/LON1/LON2/DLON/H
  296  285  270  256  243  229  216  204  197  195  194  190  184  172  159  147
  142  136  129  124  116  110  106  107  110  119  132  148  167  183  198  212
  228  241  251  260  270  282  299  322  348  374  398  419  438  457  471  481
  486  487  480  475  464  453  443  430  413  394  375  357  340  328  324  322
  320  320  320  318  317  315  313  306  296
    37.5-180.0 180.0   5.0 450.0                            LAT/LON1/LON2/DLON/H
  300  290  276  263  251  238  226  214  207  206  208  206  202  190  175  164
  158  153  147  143  136  130  127  127  130  136  149  164  180  195  208  221
  234  247  257  265  276  289  308  333  362  391  417  443  469  490  506  518
  522  523  520  515  505  494  483  469  450  423  396  373  350  333  324  321
  320  321  322  321  319  317  313  307  300
    35.0-180.0 180.0   5.0 450.0                            LAT/LON1/LON2/DLON/H
  301  293  280  268  257  247  235  223  217  217  221  221  219  207  193  182
  175  170  167  163  158  154  151  151  154  159  169  181  192  203  214  225
  236  248  258  268  279  293  313  342  374  408  439  470  499  525  542  554
  561  565  564  563  560  549  541  526  503  474  440  408  378  352  334  328
  328  329  330  329  327  322  316  310  301
    32.5-180.0 180.0   5.0 450.0                            LAT/LON1/LON2/DLON/H
  309  298  286  273  264  256  245  233  225  227  231  233  233  223  210  200
  191  187  184  181  179  177  175  177  181  185  191  198  203  210  217  227
  236  247  256  267  281  298  320  350  388  425  461  498  530  554  575  590
  599  607  611  620  625  619  618  606  579  551  513  472  431  395  366  355
  351  353  352  351  348  338  330  320  309
    30.0-180.0 180.0   5.0 450.0                            LAT/LON1/LON2/DLON/H
  331  317  302  288  278  268  257  246  236  235  238  243  244  236  223  215
  207  202  197  194  195  196  198  200  207  212  213  214  212  215  219  226
  235  245  255  267  283  302  328  361  401  444  484  527  557  585  610  625
  638  654  668  679  700  702  713  704  676  653  609  562  510  465  425  403
  396  396  395  393  383  372  361  348  331
    27.5-180.0 180.0   5.0 450.0                            LAT/LON1/LON2/DLON/H
  373  355  338  318  305  294  284  266  251  244  245  250  250  246  235  226
  218  213  207  205  207  210  216  223  232  234  233  228  220  218  221  228
  235  245  255  269  288  311  340  376  422  461  507  548  582  611  637  658
  680  707  730  752  779  791  809  806  789  762  719  672  615  557  506  475
  466  459  465  460  445  430  412  395  373
    25.0-180.0 180.0   5.0 450.0                            LAT/LON1/LON2/DLON/H
  437  426  400  372  352  338  323  300  276  261  257  258  257  253  244  236
  228  222  215  215  217  222  230  241  249  250  246  237  225  218  221  230
  238  246  259  276  296  322  357  396  441  489  532  573  602  631  661  691
  728  756  790  820  849  868  891  893  886  862  823  782  726  661  599  561
  544  537  545  542  526  502  477  457  437
    22.5-180.0 180.0   5.0 450.0                            LAT/LON1/LON2/DLON/H
  519  509  486  450  425  412  386  351  317  294  281  272  266  260  251  245
  239  230  224  220  222  228  237  249  256  255  249  236  224  216  222  234
  246  256  270  291  315  345  383  425  472  516  558  596  622  649  685  717
  768  809  838  864  888  913  935  942  939  922  894  861  813  752  690  654
  625  618  633  627  611  582  548  533  519
    20.0-180.0 180.0   5.0 450.0                            LAT/LON1/LON2/DLON/H
  589  595  581  561  530  503  461  419  372  338  311  295  284  271  262  256
  248  239  229  221  220  226  234  244  250  248  240  225  215  213  224  241
  259  274  289  313  343  377  418  462  506  546  583  618  641  672  713  751
  797  835  852  866  881  899  922  936  936  928  914  893  857  809  760  725
  699  692  700  697  679  647  611  595  589
    17.5-180.0 180.0   5.0 450.0                            LAT/LON1/LON2/DLON/H
  624  640  656  656  636  605  560  509  445  394  354  326  308  288  277  266
  256  245  230  218  213  216  223  229  232  230  221  206  200  207  224  247
  272  295  314  341  375  413  456  500  543  573  604  636  659  694  734  771
  807  829  835  836  842  851  869  882  891  893  892  882  861  831  798  769
  747  742  739  733  714  676  640  622  624
    15.0-180.0 180.0   5.0 450.0                            LAT/LON1/LON2/DLON/H
  609  636  669  694  704  690  646  588  517  453  405  366  342  311  294  280
  266  252  234  217  206  203  206  210  211  210  201  187  182  195  221  251
  281  309  336  366  403  447  493  539  571  599  623  649  683  718  753  781
  804  811  808  800  794  794  803  814  824  836  844  844  837  822  805  788
  772  761  750  736  706  664  620  603  609
    12.5-180.0 180.0   5.0 450.0                            LAT/LON1/LON2/DLON/H
  552  582  613  663  707  721  692  636  572  509  457  411  383  342  316  296
  279  260  239  219  201  191  188  189  191  189  179  166  163  181  214  254
  289  323  351  384  426  475  522  564  597  622  644  672  706  736  767  789
  802  800  788  768  751  741  741  749  762  779  790  797  800  799  794  786
  778  763  745  721  681  625  574  548  552
    10.0-180.0 180.0   5.0 450.0                            LAT/LON1/LON2/DLON/H
  466  487  529  588  653  692  683  648  598  547  500  448  419  373  342  315
  291  268  245  221  199  183  174  172  172  168  160  147  146  166  203  252
  292  328  363  400  446  497  545  585  615  641  667  695  723  750  777  797
  804  796  774  749  724  707  704  709  723  737  749  760  769  772  774  772
  769  757  733  700  650  580  517  478  466
     7.5-180.0 180.0   5.0 450.0                            LAT/LON1/LON2/DLON/H
  387  395  428  496  562  618  636  624  595  559  520  473  446  401  368  334
  304  277  253  227  201  181  167  160  158  152  143  132  132  152  192  245
  291  331  369  411  459  509  555  592  624  653  681  708  733  760  785  804
  811  802  777  748  719  702  695  701  710  721  731  740  750  753  755  756
  755  746  723  681  622  543  466  411  387
     5.0-180.0 180.0   5.0 450.0                            LAT/LON1/LON2/DLON/H
  341  332  352  410  477  536  568  575  563  545  521  492  470  424  390  353
  319  290  264  236  208  182  164  153  148  141  132  122  121  142  183  236
  287  330  370  414  461  508  553  591  625  653  681  710  739  766  789  810
  821  813  793  763  735  718  712  717  724  733  737  742  746  748  749  750
  750  742  721  676  608  525  442  376  341
     2.5-180.0 180.0   5.0 450.0                            LAT/LON1/LON2/DLON/H
  343  319  326  363  417  468  503  519  520  514  501  483  467  435  407  371
  337  307  277  248  215  186  162  148  141  135  125  115  114  133  175  227
  280  323  366  408  451  497  542  580  614  646  673  704  735  761  787  813
  831  835  818  789  763  749  747  752  762  768  767  763  762  760  756  756
  753  745  726  685  618  533  455  388  343
