Assets/GIM/IGS0OPSRAP_20242170000_01D_02H_GIM.INX
     1.0            IONOSPHERE MAPS     MIX                 IONEX VERSION / TYPE
tecrms2ionex_2.awk  SRRC/UWM           08/06/24  508UT      PGM / RUN BY / DATE
Global ionosphere maps for day 217, 2024 ( 4- 8-2024)       DESCRIPTION
IONEX file containing the COMBINED IGS Ionosphere maps      DESCRIPTION
from the combination of all available IAACS                 DESCRIPTION
Contact address: Andrzej Krankowski                         DESCRIPTION
                 Space Radio-Diagnostics Research Centre    DESCRIPTION
                 University of Warmia and Mazury (SRRC/UWM) DESCRIPTION
                 Oczapowski St. 1                           DESCRIPTION
                 10-957-Olsztyn, POLAND                     DESCRIPTION
                 e-mail:  kand@uwm.edu.pl                   DESCRIPTION
                                                            DESCRIPTION
  2024     8     4     0     0     0                        EPOCH OF FIRST MAP
  2024     8     5     0     0     0                        EPOCH OF LAST MAP
  7200                                                      INTERVAL
    13                                                      # OF MAPS IN FILE
  COSZ                                                      MAPPING FUNCTION
     0.0                                                    ELEVATION CUTOFF
Combined TEC calculated as weighted mean of input TEC valuesOBSERVABLES USED
   243                                                      # OF STATIONS
    31                                                      # OF SATELLITES
  6371.0                                                    BASE RADIUS
     2                                                      MAP DIMENSION
   450.0 450.0   0.0                                        HGT1 / HGT2 / DHGT
    87.5 -87.5  -2.5                                        LAT1 / LAT2 / DLAT
  -180.0 180.0   5.0                                        LON1 / LON2 / DLON
    -1                                                      EXPONENT
TEC values in  0.1 TECUs; 9999 if no value available        COMMENT
DCB values in nanoseconds, reference is Sum_of_SatDCBs = 0  COMMENT
                                                            END OF HEADER
[from data line 2145]
     6                                                      START OF TEC MAP
  2024     8     4    10     0     0                        EPOCH OF CURRENT MAP
    87.5-180.0 180.0   5.0 450.0                            LAT/LON1/LON2/DLON/H
  181  183  184  187  188  191  193  194  196  197  200  202  204  205  207  208
  209  210  212  213  213  213  214  213  212  211  210  210  209  209  208  207
  206  206  204  203  202  201  199  199  196  194  193  191  189  188  186  184
  183  181  180  178  177  177  176  175  175  175  174  174  173  174  174  173
  174  174  175  176  176  177  178  179  181
    85.0-180.0 180.0   5.0 450.0                            LAT/LON1/LON2/DLON/H
  167  171  174  177  181  185  187  192  195  200  203  205  209  211  213  215
  217  219  220  222  223  224  224  222  221  221  220  218  218  217  217  216
  214  214  212  210  208  206  204  201  199  196  192  189  187  183  180  175
  172  168  165  162  160  159  158  157  156  155  154  154  153  152  152  151
  151  152  153  155  157  159  162  165  167
    82.5-180.0 180.0   5.0 450.0                            LAT/LON1/LON2/DLON/H
  154  159  165  171  176  182  186  193  198  201  205  208  210  212  214  217
  218  219  221  222  222  223  224  225  222  221  220  218  218  218  217  216
  216  215  214  213  212  209  207  203  200  195  191  187  183  178  173  169
  164  159  155  151  148  146  144  143  142  141  139  138  138  136  136  135
  135  136  137  139  141  143  146  150  154
    80.0-180.0 180.0   5.0 450.0                            LAT/LON1/LON2/DLON/H
  145  151  156  163  169  176  181  186  189  194  198  202  204  207  210  211
  212  213  213  213  213  214  215  209  205  206  205  204  203  202  201  203
  205  205  208  209  210  210  211  209  206  202  199  194  188  181  174  168
  162  157  152  148  145  142  140  139  138  137  135  133  132  131  130  130
  129  130  129  129  130  132  136  140  145
    77.5-180.0 180.0   5.0 450.0                            LAT/LON1/LON2/DLON/H
  138  142  150  155  161  166  172  178  183  187  191  194  196  197  198  197
  198  199  199  195  194  196  189  188  181  181  180  180  179  177  181  183
  186  192  197  203  210  215  217  220  219  214  210  205  199  193  184  176
  169  163  158  154  151  149  148  146  146  145  144  143  141  140  138  136
  134  133  130  129  129  129  132  133  138
    75.0-180.0 180.0   5.0 450.0                            LAT/LON1/LON2/DLON/H
  134  139  143  148  154  161  166  171  176  179  182  183  183  182  182  179
  176  176  179  176  173  170  166  165  163  156  152  151  152  154  156  159
  168  177  186  195  209  220  228  231  232  231  227  222  215  208  200  193
  184  179  175  171  168  166  165  165  165  165  164  163  162  160  157  153
  149  145  142  138  135  133  131  131  134
    72.5-180.0 180.0   5.0 450.0                            LAT/LON1/LON2/DLON/H
  140  143  145  151  155  160  165  168  170  173  173  173  170  167  163  160
  158  157  157  151  146  145  141  140  138  136  129  129  130  132  137  145
  153  164  178  194  210  223  236  244  249  248  245  240  234  228  221  212
  205  199  197  194  191  190  189  189  189  189  189  189  188  185  182  177
  172  166  159  153  146  141  138  137  140
    70.0-180.0 180.0   5.0 450.0                            LAT/LON1/LON2/DLON/H
  148  149  152  155  158  161  164  166  168  168  167  163  158  155  154  147
  140  135  133  129  128  124  120  119  117  118  113  113  115  119  125  133
  146  160  176  194  215  229  244  256  263  266  264  258  252  246  242  236
  229  225  222  220  217  218  216  215  215  215  214  215  214  212  208  203
  197  188  179  170  161  154  148  147  148
    67.5-180.0 180.0   5.0 450.0                            LAT/LON1/LON2/DLON/H
  153  154  156  158  159  161  164  167  167  165  162  156  152  150  145  134
  124  121  119  117  116  112  109  108  106  107  106  107  110  114  123  132
  145  163  181  200  219  237  254  265  273  278  279  276  270  266  263  257
  253  248  249  246  243  242  239  237  235  234  233  234  234  234  230  226
  220  208  198  188  176  166  159  155  153
    65.0-180.0 180.0   5.0 450.0                            LAT/LON1/LON2/DLON/H
  160  159  159  159  160  161  163  166  165  161  157  154  150  145  135  125
  120  117  113  112  112  109  107  104  103  103  105  108  112  119  128  140
  154  172  190  210  229  247  263  274  283  289  289  290  287  283  282  278
  276  272  271  268  264  261  256  252  248  246  245  247  247  248  246  242
  236  225  214  201  190  178  168  164  160
    62.5-180.0 180.0   5.0 450.0                            LAT/LON1/LON2/DLON/H
  164  161  160  161  160  161  161  162  161  156  154  152  149  143  133  126
  121  116  114  114  114  113  111  108  107  107  111  115  121  130  140  152
  168  186  202  222  241  260  273  286  294  298  300  300  299  298  296  295
  295  292  289  286  280  275  267  261  255  253  251  252  254  256  256  253
  245  237  224  214  199  186  175  171  164
    60.0-180.0 180.0   5.0 450.0                            LAT/LON1/LON2/DLON/H
  163  160  159  159  159  159  158  156  154  151  149  148  146  142  135  130
  126  120  120  119  119  118  118  115  115  117  120  126  133  143  152  166
  183  198  217  238  256  273  286  298  305  310  311  311  311  310  310  309
  309  307  303  300  293  286  276  268  260  256  255  257  260  263  263  260
  253  242  231  218  208  192  181  173  163
    57.5-180.0 180.0   5.0 450.0                            LAT/LON1/LON2/DLON/H
  166  160  157  155  154  155  154  151  147  144  143  143  142  140  137  134
  131  126  127  125  126  124  125  122  124  126  131  136  145  155  166  180
  196  213  233  253  271  286  300  311  317  321  324  324  323  324  324  324
  323  321  318  313  305  296  285  276  268  263  261  263  267  271  272  269
  261  249  238  226  215  202  189  176  166
    55.0-180.0 180.0   5.0 450.0                            LAT/LON1/LON2/DLON/H
  173  164  158  155  152  152  149  143  138  136  135  136  137  138  136  134
  133  129  129  129  130  128  129  128  128  132  137  143  153  165  176  191
  209  227  247  265  283  300  313  323  331  336  339  340  340  340  340  339
  338  335  332  325  318  308  298  289  281  275  272  274  278  282  282  278
  271  259  247  237  226  214  202  186  173
    52.5-180.0 180.0   5.0 450.0                            LAT/LON1/LON2/DLON/H
  186  171  163  158  154  151  147  138  130  127  127  128  130  133  132  131
  129  127  127  128  129  128  128  129  131  135  141  148  159  172  185  201
  218  239  258  278  297  311  325  337  345  353  357  359  359  360  357  356
  352  351  345  339  332  323  315  307  299  293  291  291  294  296  295  290
  281  272  261  251  241  230  216  201  186
    50.0-180.0 180.0   5.0 450.0                            LAT/LON1/LON2/DLON/H
  199  181  170  163  159  155  150  142  131  123  122  122  123  125  125  124
  123  122  122  122  123  124  125  128  133  139  146  155  165  179  193  211
  230  249  269  288  306  321  336  351  363  372  377  379  382  381  380  377
  374  368  361  355  349  342  336  328  321  314  310  310  311  311  310  304
  296  288  279  270  261  250  235  215  199
    47.5-180.0 180.0   5.0 450.0                            LAT/LON1/LON2/DLON/H
  212  194  181  173  168  162  157  150  138  128  121  119  119  118  118  117
  116  115  114  114  116  119  124  129  136  143  152  163  173  187  204  221
  239  259  279  299  315  332  350  368  383  395  401  405  408  406  403  401
  396  390  379  374  368  362  359  352  344  336  330  327  326  324  322  318
  312  304  297  290  280  268  253  233  212
    45.0-180.0 180.0   5.0 450.0                            LAT/LON1/LON2/DLON/H
  230  210  195  185  179  174  168  162  151  139  130  125  121  117  115  111
  110  108  107  107  111  117  124  131  141  150  160  171  184  198  215  234
  251  270  288  307  325  344  363  385  406  421  428  432  437  434  430  427
  420  414  402  395  391  384  381  373  364  354  345  339  336  334  332  330
  326  320  314  308  298  286  271  251  230
    42.5-180.0 180.0   5.0 450.0                            LAT/LON1/LON2/DLON/H
  247  227  210  199  192  186  182  175  163  152  143  137  132  125  118  113
  108  104  104  105  111  118  128  138  149  159  171  183  196  211  228  245
  264  283  300  316  335  356  381  406  431  447  458  463  466  464  459  455
  447  440  428  420  414  409  401  392  381  367  353  342  336  335  335  336
  334  331  327  321  312  299  284  266  247
    40.0-180.0 180.0   5.0 450.0                            LAT/LON1/LON2/DLON/H
  260  243  225  213  206  201  198  188  179  168  159  150  144  136  129  122
  115  109  107  109  115  126  139  149  161  171  183  197  209  224  241  258
  274  291  307  326  346  370  399  430  457  476  487  497  500  499  495  489
  480  471  457  450  441  433  423  411  397  376  356  342  335  332  333  336
  338  336  333  327  319  308  296  280  260
    37.5-180.0 180.0   5.0 450.0                            LAT/LON1/LON2/DLON/H
  273  255  239  226  220  214  211  201  194  185  176  168  160  151  142  135
  128  121  118  119  125  138  153  166  179  189  200  212  223  236  251  267
  282  297  315  334  355  382  416  453  486  510  527  534  539  535  533  529
  520  510  497  483  472  464  452  438  417  392  365  346  337  333  334  337
  339  338  335  329  320  311  302  290  273
    35.0-180.0 180.0   5.0 450.0                            LAT/LON1/LON2/DLON/H
  286  271  254  240  230  224  220  212  206  200  195  188  179  169  158  150
  144  137  132  134  139  152  170  186  200  211  220  228  237  247  258  270
  285  301  320  340  366  399  437  481  519  548  568  578  585  578  581  578
  570  561  544  527  515  510  496  482  453  422  391  365  351  344  342  344
  345  344  341  334  325  316  310  300  286
    32.5-180.0 180.0   5.0 450.0                            LAT/LON1/LON2/DLON/H
  305  291  271  254  240  231  227  219  214  212  210  205  198  186  175  167
  160  153  149  149  155  168  188  206  220  232  239  244  250  254  261  271
  283  300  322  346  379  420  464  513  557  589  604  618  624  620  623  626
  627  616  607  587  576  576  563  547  510  471  435  404  385  372  365  363
  361  358  354  346  337  328  322  316  305
    30.0-180.0 180.0   5.0 450.0                            LAT/LON1/LON2/DLON/H
  334  316  297  275  255  241  233  225  218  219  222  219  211  201  190  182
  174  167  163  164  169  184  205  224  241  252  257  259  260  260  262  270
  281  299  324  354  390  439  493  548  592  624  643  652  655  657  659  667
  677  684  674  662  656  663  652  637  591  543  500  463  439  420  407  397
  390  384  379  371  365  353  348  345  334
    27.5-180.0 180.0   5.0 450.0                            LAT/LON1/LON2/DLON/H
  382  361  331  307  281  263  249  233  224  226  230  228  221  211  200  192
  185  179  176  175  180  194  217  240  258  270  274  274  269  264  265  270
  281  300  328  366  412  466  526  587  631  662  672  675  677  690  701  709
  736  753  749  746  746  753  748  736  684  630  580  538  509  485  463  446
  429  423  417  414  413  398  393  393  382
    25.0-180.0 180.0   5.0 450.0                            LAT/LON1/LON2/DLON/H
  450  427  388  356  323  295  275  251  238  237  237  236  228  215  204  197
  191  186  183  182  185  200  224  249  270  284  290  287  278  270  269  275
  287  309  341  385  440  499  565  627  668  684  688  691  696  710  740  765
  798  823  829  831  833  839  841  821  773  718  665  620  581  555  526  503
  477  468  463  469  469  460  457  459  450
    22.5-180.0 180.0   5.0 450.0                            LAT/LON1/LON2/DLON/H
  525  508  473  420  377  339  313  282  262  254  247  242  231  216  204  196
  189  186  184  182  184  198  221  249  274  289  298  295  286  280  279  286
  302  326  361  413  476  546  606  657  690  694  694  708  717  735  773  812
  849  879  891  887  888  889  888  875  839  789  736  693  655  621  580  554
  521  508  506  514  519  517  523  530  525
    20.0-180.0 180.0   5.0 450.0                            LAT/LON1/LON2/DLON/H
  586  579  544  489  443  398  368  327  297  277  260  251  238  218  202  192
  184  179  176  175  176  187  208  238  265  285  298  299  294  293  298  306
  324  348  394  453  509  581  637  672  694  695  698  718  739  757  795  844
  881  902  906  897  890  895  894  886  861  821  777  740  706  667  622  585
  549  531  529  536  546  553  564  579  586
    17.5-180.0 180.0   5.0 450.0                            LAT/LON1/LON2/DLON/H
  613  612  583  543  504  464  433  388  346  311  284  266  246  224  204  189
  178  171  167  164  163  170  188  218  249  275  293  301  304  311  322  334
  358  385  431  494  553  611  657  682  696  696  708  732  755  778  811  855
  886  892  885  875  863  865  863  857  841  815  785  756  724  685  640  592
  553  528  520  524  534  545  568  596  613
    15.0-180.0 180.0   5.0 450.0                            LAT/LON1/LON2/DLON/H
  599  611  602  581  558  526  499  453  399  351  314  289  263  237  212  190
  175  165  158  152  149  152  166  193  228  259  285  302  316  331  351  369
  395  435  480  540  597  644  681  699  709  710  726  749  771  797  825  853
  864  867  851  831  819  816  812  807  799  787  770  749  721  684  638  579
  529  503  491  488  492  504  536  572  599
    12.5-180.0 180.0   5.0 450.0                            LAT/LON1/LON2/DLON/H
  554  578  587  588  585  571  551  507  455  397  349  315  285  256  225  196
  175  162  152  144  137  136  143  167  205  242  275  305  328  351  377  402
  436  481  531  587  638  679  710  724  730  732  749  770  793  818  839  851
  841  824  807  785  770  763  758  756  755  754  746  734  708  671  621  559
  498  468  450  441  437  446  480  518  554
    10.0-180.0 180.0   5.0 450.0                            LAT/LON1/LON2/DLON/H
  494  527  548  564  578  578  568  536  491  434  382  342  308  276  240  206
  181  163  149  139  129  121  124  144  183  227  269  304  336  368  398  427
  471  524  574  625  670  708  736  751  756  762  778  797  818  840  853  846
  822  798  773  748  731  723  719  720  723  728  727  720  696  657  602  536
  471  434  413  395  378  385  419  454  494
     7.5-180.0 180.0   5.0 450.0                            LAT/LON1/LON2/DLON/H
  438  473  499  524  545  554  553  529  500  454  404  364  330  297  257  218
  188  166  149  136  123  112  110  127  167  216  263  304  342  378  409  448
  502  554  606  654  690  728  755  770  779  790  807  825  845  860  864  848
  821  790  756  728  710  703  704  708  713  720  722  715  694  652  592  522
  459  415  392  369  349  346  371  401  438
     5.0-180.0 180.0   5.0 450.0                            LAT/LON1/LON2/DLON/H
  407  435  461  482  504  513  516  500  480  450  410  373  343  309  271  230
  195  171  153  138  123  108  103  119  158  209  260  305  345  382  415  459
  514  571  620  664  700  735  760  781  798  815  832  849  866  875  869  852
  826  793  756  727  708  702  709  718  725  733  734  728  704  661  600  531
  467  424  398  376  358  347  353  379  407
     2.5-180.0 180.0   5.0 450.0                            LAT/LON1/LON2/DLON/H
  409  423  441  456  469  469  471  460  446  424  393  365  337  310  274  238
  204  178  159  142  127  110  102  115  152  203  257  304  344  380  415  462
  516  568  616  660  696  729  757  784  808  828  844  860  872  871  861  846
  824  797  766  743  724  718  731  746  755  761  760  751  725  680  621  556
  492  452  430  415  402  393  386  394  409
