Assets/GIM/IGS0OPSRAP_20242820000_01D_02H_GIM.INX
     1.0            IONOSPHERE MAPS     MIX                 IONEX VERSION / TYPE
tecrms2ionex_2.awk  SRRC/UWM           10/10/24  510UT      PGM / RUN BY / DATE
Global ionosphere maps for day 282, 2024 ( 8-10-2024)       DESCRIPTION
IONEX file containing the COMBINED IGS Ionosphere maps      DESCRIPTION
from the combination of all available IAACS                 DESCRIPTION
Contact address: Andrzej Krankowski                         DESCRIPTION
                 Space Radio-Diagnostics Research Centre    DESCRIPTION
                 University of Warmia and Mazury (SRRC/UWM) DESCRIPTION
                 Oczapowski St. 1                           DESCRIPTION
                 10-957-Olsztyn, POLAND                     DESCRIPTION
                 e-mail:  kand@uwm.edu.pl                   DESCRIPTION
                                                            DESCRIPTION
  2024    10     8     0     0     0                        EPOCH OF FIRST MAP
  2024    10     9     0     0     0                        EPOCH OF LAST MAP
  7200                                                      INTERVAL
    13                                                      # OF MAPS IN FILE
  COSZ                                                      MAPPING FUNCTION
     0.0                                                    ELEVATION CUTOFF
Combined TEC calculated as weighted mean of input TEC valuesOBSERVABLES USED
   254                                                      # OF STATIONS
    31                                                      # OF SATELLITES
  6371.0                                                    BASE RADIUS
     2                                                      MAP DIMENSION
   450.0 450.0   0.0                                        HGT1 / HGT2 / DHGT
    87.5 -87.5  -2.5                                        LAT1 / LAT2 / DLAT
  -180.0 180.0   5.0                                        LON1 / LON2 / DLON
    -1                                                      EXPONENT
TEC values in  0.1 TECUs; 9999 if no value available        COMMENT
DCB values in nanoseconds, reference is Sum_of_SatDCBs = 0  COMMENT
                                                            END OF HEADER
[from data line 5148]
    13                                                      START OF TEC MAP
  2024    10     9     0     0     0                        EPOCH OF CURRENT MAP
    87.5-180.0 180.0   5.0 450.0                            LAT/LON1/LON2/DLON/H
  179  181  182  183  184  185  186  186  186  186  187  187  187  187  186  186
  186  185  184  183  182  181  180  179  178  176  174  173  171  170  168  166
  165  163  161  160  159  157  156  155  153  153  153  152  152  151  151  150
  150  150  150  151  151  152  153  153  155  155  157  159  159  161  163  164
  166  167  169  172  173  175  176  177  179
    85.0-180.0 180.0   5.0 450.0                            LAT/LON1/LON2/DLON/H
  184  186  189  191  193  195  196  197  197  197  198  198  198  198  197  196
  195  194  193  191  189  187  184  183  180  177  174  171  168  164  162  159
  156  152  149  147  144  142  140  138  136  135  134  132  131  130  129  129
  129  129  128  128  129  130  131  133  134  136  138  141  144  147  150  153
  157  160  164  168  171  174  178  181  184
    82.5-180.0 180.0   5.0 450.0                            LAT/LON1/LON2/DLON/H
  186  191  194  197  200  202  204  204  205  204  204  203  202  202  201  200
  198  197  196  194  193  190  187  184  180  177  172  167  163  158  154  149
  145  141  137  133  130  127  125  122  119  117  116  114  113  111  110  109
  108  108  107  107  108  109  110  111  114  116  120  123  127  131  136  140
  146  151  157  162  167  173  177  182  186
    80.0-180.0 180.0   5.0 450.0                            LAT/LON1/LON2/DLON/H
  189  195  199  204  207  209  210  211  211  210  208  206  204  202  201  199
  197  197  196  194  193  191  189  186  181  176  171  165  158  152  146  140
  135  129  124  121  116  114  111  108  106  104  102  100   98   97   95   94
   93   92   91   91   90   91   92   94   96   99  103  107  112  117  123  129
  135  142  149  156  163  170  177  183  189
    77.5-180.0 180.0   5.0 450.0                            LAT/LON1/LON2/DLON/H
  190  198  204  210  215  218  219  219  217  213  210  206  201  198  196  194
  193  192  192  192  193  191  190  186  182  177  169  162  155  147  139  132
  126  120  115  112  109  105  103   99   97   94   92   91   89   87   86   85
   83   82   81   80   80   79   81   83   85   89   93   97  103  109  115  122
  129  136  143  151  159  167  175  183  190
    75.0-180.0 180.0   5.0 450.0                            LAT/LON1/LON2/DLON/H
  191  200  209  216  221  226  227  226  224  218  212  205  198  192  188  185
  184  184  186  188  190  191  190  187  183  177  169  160  151  142  134  126
  120  115  110  108  105  102   99   96   94   91   89   86   85   83   83   82
   81   79   79   78   77   77   77   79   83   87   91   97  103  109  115  122
  128  135  141  149  157  164  173  182  191
    72.5-180.0 180.0   5.0 450.0                            LAT/LON1/LON2/DLON/H
  188  198  209  219  227  233  235  235  230  223  214  204  194  185  178  173
  172  173  177  182  186  188  188  186  181  174  166  156  146  137  129  121
  116  112  109  106  104  102   99   97   94   91   88   86   85   85   84   85
   84   83   82   81   80   80   82   85   89   95  100  107  112  118  124  129
  134  138  144  148  155  161  169  178  188
    70.0-180.0 180.0   5.0 450.0                            LAT/LON1/LON2/DLON/H
  180  192  204  217  228  236  240  241  237  229  217  204  190  177  167  160
  158  160  166  172  178  182  183  180  175  168  158  148  138  129  122  116
  112  109  107  106  105  103  101   98   95   92   89   88   87   87   88   89
   90   89   88   87   87   88   91   95  102  109  117  124  131  135  139  142
  145  147  149  152  155  159  165  171  180
    67.5-180.0 180.0   5.0 450.0                            LAT/LON1/LON2/DLON/H
  173  183  196  210  224  235  243  245  243  234  221  205  186  169  155  146
  142  145  151  159  166  170  171  169  162  154  145  135  126  118  112  108
  105  104  104  104  103  103  100   98   95   92   89   89   89   90   91   93
   94   93   93   93   94   96  101  109  118  129  139  147  154  157  159  159
  159  159  159  159  158  159  162  166  173
    65.0-180.0 180.0   5.0 450.0                            LAT/LON1/LON2/DLON/H
  169  177  189  203  218  232  243  249  248  240  227  208  187  165  147  134
  128  130  136  143  149  152  152  149  142  134  126  116  109  104  100   98
   98   98   98   98   98   98   96   94   92   89   88   87   88   90   92   94
   94   94   94   93   95  100  108  120  134  147  161  171  177  180  179  178
  174  172  170  168  167  165  164  165  169
    62.5-180.0 180.0   5.0 450.0                            LAT/LON1/LON2/DLON/H
  174  177  187  200  215  231  244  252  254  250  236  217  192  167  145  128
  119  117  120  125  129  131  129  126  119  110  103   97   92   89   88   89
   90   90   90   90   89   89   89   87   86   85   84   84   85   87   89   91
   90   89   88   87   90   98  110  126  143  162  178  189  196  198  196  192
  188  186  185  184  183  179  176  174  174
    60.0-180.0 180.0   5.0 450.0                            LAT/LON1/LON2/DLON/H
  191  191  196  204  219  233  248  258  263  260  251  233  208  181  155  133
  117  110  107  108  108  107  106  101   95   88   83   80   79   78   80   81
   83   83   81   80   78   78   78   79   80   79   80   79   81   81   83   83
   82   79   76   76   80   90  105  124  146  167  186  198  207  208  205  202
  199  201  203  207  207  205  201  195  191
    57.5-180.0 180.0   5.0 450.0                            LAT/LON1/LON2/DLON/H
  223  218  217  222  232  244  257  268  275  276  269  256  234  207  177  150
  127  111  100   95   91   88   85   81   77   73   70   71   73   76   79   81
   81   79   76   72   69   69   70   73   75   75   76   76   76   77   77   75
   73   70   66   65   69   80   97  118  140  163  183  198  206  208  208  207
  209  216  225  235  241  243  238  232  223
    55.0-180.0 180.0   5.0 450.0                            LAT/LON1/LON2/DLON/H
  268  259  253  251  256  264  273  281  289  293  291  282  265  240  210  177
  146  121  101   89   81   75   72   69   67   67   68   72   77   82   86   87
   84   80   74   69   64   65   67   71   74   74   75   75   75   74   73   72
   68   65   60   59   62   72   88  108  131  152  173  188  198  203  206  210
  219  234  253  271  284  289  288  279  268
    52.5-180.0 180.0   5.0 450.0                            LAT/LON1/LON2/DLON/H
  321  309  298  293  291  292  295  299  305  311  314  311  299  278  248  212
  174  140  112   92   79   72   68   69   69   72   76   82   87   92   95   95
   92   85   78   71   68   68   71   76   79   81   80   79   79   78   76   75
   73   69   65   63   64   71   85  102  121  141  160  176  188  197  205  216
  234  258  286  312  331  342  342  334  321
    50.0-180.0 180.0   5.0 450.0                            LAT/LON1/LON2/DLON/H
  376  362  352  342  334  328  323  321  323  329  336  338  333  315  287  248
  206  165  130  105   88   79   76   78   81   85   90   95  100  103  104  103
   98   91   85   79   78   79   83   88   91   92   91   90   89   89   88   88
   87   84   80   77   77   81   91  105  122  140  157  174  189  201  214  231
  255  288  324  357  382  395  397  390  376
    47.5-180.0 180.0   5.0 450.0                            LAT/LON1/LON2/DLON/H
  429  418  406  394  382  368  356  347  344  348  355  362  361  349  322  284
  239  195  155  126  106   94   92   95  100  105  106  108  108  108  107  104
  101   98   95   93   93   96  101  106  109  110  109  108  108  108  108  108
  109  109  105  101  100  103  111  123  139  156  174  192  209  224  239  259
  288  324  365  402  430  445  447  441  429
    45.0-180.0 180.0   5.0 450.0                            LAT/LON1/LON2/DLON/H
  477  468  459  447  431  413  393  378  369  370  378  384  385  375  353  317
  274  229  188  156  132  119  116  118  122  123  120  114  108  104  101  101
  102  104  106  108  111  115  119  125  129  132  132  132  132  132  132  134
  136  137  136  132  130  134  144  158  176  196  217  237  255  270  285  304
  332  368  408  446  474  488  491  485  477
    42.5-180.0 180.0   5.0 450.0                            LAT/LON1/LON2/DLON/H
  518  514  507  496  479  458  434  414  401  398  402  409  409  401  380  348
  308  265  225  191  165  149  143  144  145  141  131  117  106   99   97  101
  107  114  120  125  129  133  138  144  151  155  157  157  157  156  157  159
  163  165  165  164  165  173  188  209  234  261  286  310  328  341  352  366
  388  418  453  486  511  525  527  523  518
    40.0-180.0 180.0   5.0 450.0                            LAT/LON1/LON2/DLON/H
  553  552  549  538  522  500  476  456  440  433  432  434  432  424  405  377
  340  300  262  227  199  180  172  171  170  162  146  127  114  108  108  115
  124  133  140  144  147  149  154  161  169  177  180  181  180  178  176  179
  182  187  189  192  198  212  235  266  302  337  370  396  415  426  432  438
  452  472  500  526  545  556  558  556  553
    37.5-180.0 180.0   5.0 450.0                            LAT/LON1/LON2/DLON/H
  587  588  585  576  559  539  518  499  483  473  468  463  457  446  427  401
  369  333  296  260  229  209  199  199  200  193  177  159  147  144  148  156
  164  169  170  169  164  163  167  175  185  194  199  200  198  192  188  188
  192  199  205  211  223  244  277  319  367  413  453  483  502  511  513  513
  518  532  549  567  580  587  588  587  587
    35.0-180.0 180.0   5.0 450.0                            LAT/LON1/LON2/DLON/H
  623  622  618  608  591  574  556  540  526  515  504  494  483  467  447  422
  392  358  322  286  253  231  225  231  240  241  233  224  221  225  232  236
  235  226  213  198  185  178  179  186  197  207  212  212  207  199  192  189
  193  201  210  220  236  263  305  359  418  473  519  554  575  584  586  584
  586  593  604  614  621  625  625  624  623
    32.5-180.0 180.0   5.0 450.0                            LAT/LON1/LON2/DLON/H
  669  665  655  639  620  604  589  578  567  553  539  525  508  488  463  436
  407  375  339  302  270  250  251  270  295  315  324  332  342  352  356  349
  329  300  267  237  212  197  194  199  208  216  219  218  212  201  190  184
  186  195  204  216  234  266  314  377  444  508  560  597  621  635  641  646
  650  658  666  672  674  675  675  672  669
    30.0-180.0 180.0   5.0 450.0                            LAT/LON1/LON2/DLON/H
  731  720  703  680  655  634  621  611  602  590  573  555  534  509  480  449
  417  385  349  312  283  269  282  321  369  412  445  471  492  505  502  479
  437  383  330  284  247  224  214  215  220  224  226  223  214  201  186  176
  176  182  190  201  220  253  306  374  449  518  572  613  642  663  680  696
  711  726  738  742  743  742  741  738  731
    27.5-180.0 180.0   5.0 450.0                            LAT/LON1/LON2/DLON/H
  813  796  770  737  703  677  659  647  637  623  606  587  563  533  498  462
  429  395  360  326  302  300  329  389  460  527  580  619  647  658  645  605
  540  464  395  337  291  259  241  236  236  236  236  231  220  203  184  170
  165  167  173  182  198  231  285  359  437  509  566  611  646  678  710  739
  768  795  815  824  827  828  827  823  813
    25.0-180.0 180.0   5.0 450.0                            LAT/LON1/LON2/DLON/H
  916  895  861  818  775  739  713  694  678  661  643  622  597  563  524  482
  446  412  381  354  340  351  398  476  566  648  713  755  776  778  755  700
  620  530  454  393  340  299  275  264  259  255  250  244  231  212  188  168
  158  155  157  162  176  208  263  338  419  492  552  600  645  688  735  780
  823  862  892  908  916  920  924  924  916
    22.5-180.0 180.0   5.0 450.0                            LAT/LON1/LON2/DLON/H
 1028 1010  974  926  876  830  792  762  738  716  693  670  642  606  563  517
  476  444  419  403  404  431  494  583  679  764  823  849  850  838  808  749
  663  573  499  440  387  341  312  298  289  282  274  265  250  227  199  174
  156  148  145  147  160  191  246  323  404  477  539  593  647  704  763  821
  875  924  962  984  998 1009 1020 1028 1028
    20.0-180.0 180.0   5.0 450.0                            LAT/LON1/LON2/DLON/H
 1132 1124 1095 1051 1002  952  903  859  823  793  766  739  708  669  621  569
  526  496  480  479  496  542  614  701  787  856  894  889  860  832  802  750
  671  588  524  474  424  379  350  336  326  315  304  291  273  246  215  185
  163  148  141  141  153  185  241  318  400  472  535  596  661  730  799  864
  922  974 1016 1045 1064 1082 1102 1122 1132
    17.5-180.0 180.0   5.0 450.0                            LAT/LON1/LON2/DLON/H
 1214 1221 1205 1174 1137 1092 1039  986  939  900  865  834  799  756  702  646
  599  573  567  578  612  670  742  814  874  913  915  872  812  771  747  707
  643  577  526  487  446  407  383  373  365  352  337  320  298  268  234  201
  174  156  145  144  156  189  247  324  404  475  540  608  684  764  839  905
  961 1011 1051 1080 1103 1127 1157 1188 1214
    15.0-180.0 180.0   5.0 450.0                            LAT/LON1/LON2/DLON/H
 1259 1284 1288 1279 1260 1227 1179 1125 1076 1033  995  958  919  872  812  749
  698  676  677  696  736  795  855  898  922  920  883  805  720  672  656  634
  589  542  507  481  450  424  410  407  400  385  365  345  320  288  253  218
  190  168  155  151  164  199  258  334  414  484  551  625  711  799  877  940
  991 1034 1070 1096 1119 1144 1179 1220 1259
    12.5-180.0 180.0   5.0 450.0                            LAT/LON1/LON2/DLON/H
 1266 1305 1330 1345 1350 1338 1302 1258 1214 1175 1138 1103 1064 1013  948  878
  824  803  807  824  856  900  934  940  917  872  798  696  602  558  554  549
  524  497  479  464  446  433  429  433  427  409  385  360  333  303  268  234
  205  182  166  160  173  210  271  347  425  495  563  642  735  828  906  966
 1011 1047 1077 1099 1119 1142 1177 1221 1266
    10.0-180.0 180.0   5.0 450.0                            LAT/LON1/LON2/DLON/H
 1250 1293 1330 1364 1392 1402 1389 1362 1333 1303 1274 1245 1209 1162 1097 1022
  967  948  951  954  961  972  965  923  854  768  668  559  478  453  465  474
  468  459  454  449  442  439  444  449  442  420  392  365  338  308  276  245
  217  193  175  166  179  218  279  354  431  501  572  653  749  843  921  979
 1022 1054 1081 1100 1116 1135 1165 1204 1250
     7.5-180.0 180.0   5.0 450.0                            LAT/LON1/LON2/DLON/H
 1228 1268 1309 1350 1388 1415 1423 1420 1413 1400 1383 1361 1334 1294 1232 1159
 1106 1091 1090 1071 1040 1002  944  855  744  626  516  423  375  380  409  431
  441  446  451  450  447  448  454  456  444  418  386  358  331  305  276  247
  221  197  178  168  180  219  281  355  431  503  573  655  749  840  918  979
 1024 1061 1088 1107 1121 1136 1160 1191 1228
     5.0-180.0 180.0   5.0 450.0                            LAT/LON1/LON2/DLON/H
 1221 1251 1286 1325 1363 1395 1416 1432 1443 1447 1441 1429 1413 1383 1331 1264
 1219 1210 1201 1158 1082  991  884  755  614  482  375  314  312  355  406  438
  456  471  478  476  470  464  460  453  433  402  370  341  316  291  265  240
  216  194  174  164  176  214  276  349  425  497  568  648  736  824  902  966
 1021 1066 1101 1126 1142 1156 1174 1196 1221
     2.5-180.0 180.0   5.0 450.0                            LAT/LON1/LON2/DLON/H
 1243 1259 1281 1306 1334 1362 1387 1413 1437 1449 1447 1438 1428 1410 1372 1319
 1284 1279 1264 1196 1081  945  797  643  494  364  279  259  308  392  462  503
  527  541  540  525  503  481  462  441  412  378  345  317  292  269  245  223
  203  183  165  156  168  207  268  339  414  486  557  634  716  799  877  947
 1011 1068 1115 1149 1173 1193 1212 1229 1243
