Assets/GIM/IGS0OPSRAP_20242170000_01D_02H_GIM.INX
     1.0            IONOSPHERE MAPS     MIX                 IONEX VERSION / TYPE
tecrms2ionex_2.awk  SRRC/UWM           08/06/24  508UT      PGM / RUN BY / DATE
Global ionosphere maps for day 217, 2024 ( 4- 8-2024)       DESCRIPTION
IONEX file containing the COMBINED IGS Ionosphere maps      DESCRIPTION
from the combination of all available IAACS                 DESCRIPTION
Contact address: Andrzej Krankowski                         DESCRIPTION
                 Space Radio-Diagnostics Research Centre    DESCRIPTION
                 University of Warmia and Mazury (SRRC/UWM) DESCRIPTION
                 Oczapowski St. 1                           DESCRIPTION
                 10-957-Olsztyn, POLAND                     DESCRIPTION
                 e-mail:  kand@uwm.edu.pl                   DESCRIPTION
                                                            DESCRIPTION
  2024     8     4     0     0     0                        EPOCH OF FIRST MAP
  2024     8     5     0     0     0                        EPOCH OF LAST MAP
  7200                                                      INTERVAL
    13                                                      # OF MAPS IN FILE
  COSZ                                                      MAPPING FUNCTION
     0.0                                                    ELEVATION CUTOFF
Combined TEC calculated as weighted mean of input TEC valuesOBSERVABLES USED
   243                                                      # OF STATIONS
    31                                                      # OF SATELLITES
  6371.0                                                    BASE RADIUS
     2                                                      MAP DIMENSION
   450.0 450.0   0.0                                        HGT1 / HGT2 / DHGT
    87.5 -87.5  -2.5                                        LAT1 / LAT2 / DLAT
  -180.0 180.0   5.0                                        LON1 / LON2 / DLON
    -1                                                      EXPONENT
TEC values in  0.1 TECUs; 9999 if no value available        COMMENT
DCB values in nanoseconds, reference is Sum_of_SatDCBs = 0  COMMENT
                                                            END OF HEADER
[from data line 5148]
    13                                                      START OF TEC MAP
  2024     8     5     0     0     0                        EPOCH OF CURRENT MAP
    87.5-180.0 180.0   5.0 450.0                            LAT/LON1/LON2/DLON/H
  125  125  125  124  124  123  123  122  122  122  121  120  119  119  118  118
  117  116  116  115  114  113  112  111  110  110  109  109  109  109  108  108
  108  108  108  109  109  109  110  110  111  112  112  113  114  115  115  116
  117  118  119  120  120  121  121  122  122  123  124  124  125  125  126  126
  126  126  126  126  126  126  126  126  125
    85.0-180.0 180.0   5.0 450.0                            LAT/LON1/LON2/DLON/H
  134  133  132  131  130  130  128  127  127  125  124  123  123  122  121  120
  120  119  117  116  114  112  110  108  107  107  106  105  105  105  104  103
  103  103  103  103  103  104  105  106  107  109  111  112  114  116  118  119
  121  122  123  125  126  127  129  129  130  131  132  133  133  134  133  134
  133  134  134  134  134  134  134  134  134
    82.5-180.0 180.0   5.0 450.0                            LAT/LON1/LON2/DLON/H
  144  143  141  141  139  138  138  135  135  133  133  132  130  128  126  125
  123  122  120  119  117  114  111  111  111  108  105  104  102  101   99   98
   97   96   96   95   95   96   97  100  102  105  107  109  112  115  118  121
  124  127  129  130  132  133  135  137  138  139  140  141  141  141  141  141
  141  142  142  142  142  143  143  143  144
    80.0-180.0 180.0   5.0 450.0                            LAT/LON1/LON2/DLON/H
  154  155  158  157  159  156  156  152  149  147  144  141  139  136  133  131
  128  126  125  123  123  120  116  114  113  111  109  106  102   99   97   95
   93   92   92   91   92   92   93   95   98  101  106  110  113  117  120  123
  127  131  133  136  138  139  141  142  143  145  146  147  148  146  146  146
  146  146  147  147  149  149  150  151  154
    77.5-180.0 180.0   5.0 450.0                            LAT/LON1/LON2/DLON/H
  165  169  172  174  174  172  170  167  164  160  154  151  147  142  139  138
  137  135  132  132  131  131  128  125  122  116  109  106  105  102   98   94
   93   92   91   92   92   92   93   95   98  101  105  110  114  118  122  126
  130  133  136  139  141  143  144  146  146  148  148  150  149  149  149  149
  148  148  148  150  150  152  155  159  165
    75.0-180.0 180.0   5.0 450.0                            LAT/LON1/LON2/DLON/H
  168  174  178  183  186  186  185  186  182  176  172  165  157  152  148  144
  144  142  142  141  142  140  138  134  131  126  120  117  110  106  102  100
   98   97   96   96   96   97   97   99  102  104  107  110  114  118  123  126
  131  134  137  140  142  144  145  147  148  149  149  149  149  149  149  149
  149  148  149  150  152  154  157  163  168
    72.5-180.0 180.0   5.0 450.0                            LAT/LON1/LON2/DLON/H
  166  173  180  188  193  198  202  203  201  195  187  178  173  168  163  156
  152  153  150  152  150  147  147  143  139  134  129  124  119  115  111  106
  104  104  103  103  103  103  103  104  106  107  109  111  114  117  121  125
  129  133  136  139  141  144  145  146  148  149  150  150  151  151  150  150
  149  149  149  150  151  154  157  162  166
    70.0-180.0 180.0   5.0 450.0                            LAT/LON1/LON2/DLON/H
  165  171  179  189  198  206  214  216  215  208  206  200  193  186  178  171
  166  163  161  160  159  156  155  151  145  140  135  132  130  120  116  114
  111  110  108  108  107  107  110  109  108  109  109  110  112  114  118  122
  127  130  133  137  139  142  144  146  148  150  151  153  155  155  154  153
  152  151  151  152  152  154  156  160  165
    67.5-180.0 180.0   5.0 450.0                            LAT/LON1/LON2/DLON/H
  162  167  175  185  196  208  218  225  226  225  222  219  213  203  195  189
  180  175  173  169  168  166  162  156  151  145  140  136  136  127  122  118
  118  116  114  111  110  108  109  110  108  108  107  108  109  111  113  116
  121  125  129  133  137  140  142  145  148  151  154  158  160  161  158  158
  157  156  155  155  154  154  155  157  162
    65.0-180.0 180.0   5.0 450.0                            LAT/LON1/LON2/DLON/H
  158  161  168  177  188  201  213  225  232  236  236  233  227  219  212  203
  194  187  184  179  175  173  167  159  153  146  140  136  135  133  126  122
  119  116  115  112  110  107  106  106  105  104  103  103  103  105  107  111
  115  121  125  130  134  137  140  144  148  153  157  162  165  166  165  164
  163  163  162  160  158  156  155  155  158
    62.5-180.0 180.0   5.0 450.0                            LAT/LON1/LON2/DLON/H
  155  156  161  169  179  192  204  218  230  237  241  240  235  229  222  213
  203  196  193  184  179  174  168  161  152  145  139  134  133  131  128  122
  118  116  113  108  105  100   98   96   96   96   96   96   97   99  101  105
  110  116  121  127  132  137  141  145  149  155  160  166  169  172  172  172
  172  169  168  166  163  160  157  155  155
    60.0-180.0 180.0   5.0 450.0                            LAT/LON1/LON2/DLON/H
  159  157  160  165  173  183  194  208  222  231  237  239  238  234  229  219
  211  203  198  188  181  175  169  161  151  144  137  133  130  127  124  119
  115  111  107  100   96   88   86   85   84   85   88   89   90   92   95   99
  104  110  118  125  133  138  143  148  153  158  163  170  174  177  179  179
  179  176  176  174  173  172  166  163  159
    57.5-180.0 180.0   5.0 450.0                            LAT/LON1/LON2/DLON/H
  171  167  167  170  174  180  189  199  211  222  229  234  236  235  229  223
  217  208  200  191  184  177  169  162  152  144  136  131  126  122  119  114
  108  103   98   89   84   77   75   72   74   76   79   82   84   86   91   95
   99  107  117  126  136  144  150  155  159  164  169  174  179  183  184  185
  184  183  184  185  186  184  180  175  171
    55.0-180.0 180.0   5.0 450.0                            LAT/LON1/LON2/DLON/H
  192  187  184  185  185  186  190  196  203  213  220  225  230  231  228  223
  217  208  200  192  184  179  171  163  154  145  138  130  124  118  113  109
  103   96   90   82   78   71   66   66   69   72   75   77   80   83   88   92
   97  106  118  132  145  156  163  167  170  173  175  179  183  186  188  188
  188  189  194  199  203  204  199  195  192
    52.5-180.0 180.0   5.0 450.0                            LAT/LON1/LON2/DLON/H
  220  215  213  209  206  201  199  199  202  206  213  219  222  225  223  220
  215  207  199  192  184  181  172  164  155  147  141  134  125  119  111  105
  101   92   85   77   74   68   64   65   69   72   74   76   79   82   87   91
   97  108  124  142  159  174  182  186  186  186  185  186  188  190  191  190
  191  197  205  216  223  228  226  220  220
    50.0-180.0 180.0   5.0 450.0                            LAT/LON1/LON2/DLON/H
  250  251  246  242  235  225  216  210  207  207  210  214  216  217  217  215
  212  207  199  193  185  181  174  165  160  153  145  140  132  124  114  105
   99   92   85   81   79   73   72   73   76   77   81   82   84   85   90   96
  102  116  136  158  180  198  205  209  207  204  198  196  195  195  194  193
  196  205  220  235  249  255  256  250  250
    47.5-180.0 180.0   5.0 450.0                            LAT/LON1/LON2/DLON/H
  283  289  285  279  269  255  239  226  218  214  213  214  212  212  211  209
  208  205  201  194  188  184  178  172  169  163  156  152  144  136  125  114
  106  100   97   94   93   90   88   88   89   90   92   94   96   97  102  108
  114  128  150  173  202  225  235  239  234  227  218  213  210  206  202  200
  202  216  239  259  278  289  289  283  283
    45.0-180.0 180.0   5.0 450.0                            LAT/LON1/LON2/DLON/H
  316  328  326  318  301  287  264  246  235  227  222  217  213  209  205  204
  205  204  201  198  193  189  185  181  181  174  170  168  162  151  141  131
  122  120  120  117  117  115  112  111  110  110  111  111  113  116  118  122
  127  140  159  189  221  249  265  270  264  254  244  236  228  223  215  211
  214  230  260  288  312  325  328  318  316
    42.5-180.0 180.0   5.0 450.0                            LAT/LON1/LON2/DLON/H
  356  363  364  359  340  320  294  271  256  245  236  227  217  209  204  203
  204  204  204  203  200  197  193  190  187  180  181  183  178  171  161  153
  146  146  146  145  146  143  140  136  136  137  135  133  134  133  133  134
  138  149  169  202  238  269  289  296  293  283  271  260  250  241  231  227
  231  248  283  316  344  358  368  358  356
    40.0-180.0 180.0   5.0 450.0                            LAT/LON1/LON2/DLON/H
  398  395  397  391  376  353  326  298  279  265  251  238  225  214  207  205
  207  208  208  210  208  205  203  198  191  185  187  191  191  186  180  176
  172  170  174  174  175  169  166  163  164  163  160  155  153  150  147  145
  146  154  177  215  252  284  308  319  319  312  300  288  277  265  251  246
  250  274  307  342  378  397  409  400  398
    37.5-180.0 180.0   5.0 450.0                            LAT/LON1/LON2/DLON/H
  434  427  422  419  406  378  357  331  308  286  270  252  237  224  215  213
  214  214  216  217  215  213  213  210  200  193  193  198  201  199  196  195
  194  196  197  197  198  193  191  190  190  189  183  176  169  163  157  155
  154  160  189  230  269  300  325  340  346  343  333  321  306  289  274  267
  273  301  335  365  402  426  437  438  434
    35.0-180.0 180.0   5.0 450.0                            LAT/LON1/LON2/DLON/H
  448  439  435  440  436  412  392  368  345  318  296  272  253  237  229  227
  225  225  225  225  221  221  225  223  214  206  204  209  212  210  209  211
  212  216  217  217  218  215  212  213  213  209  202  191  181  173  166  160
  161  172  201  238  276  311  339  360  372  371  363  351  335  315  297  291
  300  329  364  390  422  445  458  456  448
    32.5-180.0 180.0   5.0 450.0                            LAT/LON1/LON2/DLON/H
  448  441  443  458  466  457  433  415  389  368  332  300  275  258  250  246
  242  239  236  232  227  228  235  236  228  220  215  221  222  220  220  223
  226  231  233  233  234  231  230  232  230  225  216  204  194  182  172  164
  166  182  201  229  266  310  343  371  390  393  388  379  364  345  324  320
  332  362  396  421  448  460  467  460  448
    30.0-180.0 180.0   5.0 450.0                            LAT/LON1/LON2/DLON/H
  458  452  459  480  500  487  479  470  446  412  377  341  311  289  274  268
  259  254  247  240  230  234  243  246  238  231  226  227  226  223  226  231
  237  242  245  243  244  242  243  245  242  236  228  216  203  188  176  170
  171  181  194  213  249  297  336  375  401  411  413  408  396  380  361  357
  368  400  434  462  478  480  478  470  458
    27.5-180.0 180.0   5.0 450.0                            LAT/LON1/LON2/DLON/H
  489  481  485  506  537  532  530  537  513  473  436  395  358  329  305  290
  278  268  257  246  238  241  249  252  247  241  234  230  227  223  227  235
  245  252  253  255  256  251  253  256  255  247  237  224  209  194  184  178
  174  178  187  205  236  279  325  370  406  427  434  433  426  414  399  399
  409  440  474  500  513  511  509  503  489
    25.0-180.0 180.0   5.0 450.0                            LAT/LON1/LON2/DLON/H
  539  526  522  536  568  575  586  592  578  543  504  456  413  375  338  314
  297  284  271  260  253  251  253  256  259  250  240  231  223  218  226  241
  252  261  266  265  267  259  262  266  264  257  249  235  219  206  196  189
  183  180  186  198  224  265  313  361  401  432  447  451  450  445  439  438
  455  481  514  538  550  552  551  547  539
    22.5-180.0 180.0   5.0 450.0                            LAT/LON1/LON2/DLON/H
  585  571  565  571  596  617  634  645  642  616  576  520  465  420  378  343
  320  306  294  281  273  266  263  263  269  258  244  231  217  209  224  250
  262  273  284  282  286  268  273  275  272  268  260  250  236  223  212  200
  195  192  188  192  213  251  297  346  392  427  452  466  473  475  475  479
  498  523  557  577  591  594  594  594  585
    20.0-180.0 180.0   5.0 450.0                            LAT/LON1/LON2/DLON/H
  632  622  610  614  636  662  690  704  708  682  644  582  525  469  422  379
  350  335  323  309  300  288  280  277  275  256  242  227  211  201  213  251
  269  285  303  298  305  281  284  280  276  276  272  266  250  237  226  216
  207  199  187  184  200  234  279  331  377  420  453  481  497  507  513  523
  541  569  599  620  636  642  644  643  632
    17.5-180.0 180.0   5.0 450.0                            LAT/LON1/LON2/DLON/H
  684  675  664  668  687  718  746  769  774  760  716  658  589  531  472  424
  386  367  355  344  332  315  300  292  275  248  228  211  202  200  210  241
  267  290  310  311  318  304  299  286  281  284  282  278  266  252  237  224
  212  195  179  172  185  220  264  315  366  415  457  494  520  537  549  564
  584  613  644  666  683  688  692  692  684
    15.0-180.0 180.0   5.0 450.0                            LAT/LON1/LON2/DLON/H
  733  726  718  720  738  771  802  824  831  825  797  742  660  595  527  474
  433  405  394  381  364  341  311  296  276  246  218  200  197  206  217  238
  270  299  319  320  326  324  315  300  288  288  287  283  271  255  236  224
  206  184  167  159  172  207  252  300  357  411  461  504  537  566  586  605
  627  658  686  707  719  726  729  734  733
    12.5-180.0 180.0   5.0 450.0                            LAT/LON1/LON2/DLON/H
  774  771  765  768  784  815  845  866  875  878  862  813  740  662  586  537
  488  459  443  422  396  364  318  290  273  253  226  210  207  219  237  259
  288  319  334  340  342  338  327  309  297  290  285  281  267  250  230  214
  192  168  152  150  162  196  242  291  347  404  458  505  546  586  619  643
  665  697  726  746  753  756  760  768  774
    10.0-180.0 180.0   5.0 450.0                            LAT/LON1/LON2/DLON/H
  804  806  804  804  819  846  873  894  903  908  893  850  806  739  648  605
  565  532  506  479  435  390  333  287  254  251  249  237  236  248  274  294
  321  348  361  363  360  349  332  315  304  292  283  278  263  243  222  200
  175  154  140  141  154  188  230  284  340  399  454  503  550  599  641  670
  694  724  754  775  782  783  785  794  804
     7.5-180.0 180.0   5.0 450.0                            LAT/LON1/LON2/DLON/H
  829  833  831  831  843  865  887  903  912  919  900  870  845  790  719  671
  639  608  572  536  481  421  357  298  251  259  277  278  287  300  324  340
  364  383  392  392  384  357  335  315  301  289  278  269  254  231  206  185
  160  140  129  132  148  177  221  277  337  400  454  501  554  606  649  681
  710  738  767  789  800  803  806  817  829
     5.0-180.0 180.0   5.0 450.0                            LAT/LON1/LON2/DLON/H
  849  855  854  854  863  878  891  899  902  907  896  878  858  818  771  726
  693  667  628  580  519  452  385  322  277  277  320  332  350  367  379  389
  404  417  417  413  400  362  334  310  292  275  265  257  238  211  188  165
  142  126  121  126  143  170  215  271  335  402  458  506  561  610  648  678
  711  738  766  789  805  816  825  837  849
     2.5-180.0 180.0   5.0 450.0                            LAT/LON1/LON2/DLON/H
  870  877  878  876  882  889  892  889  881  882  878  866  849  821  795  760
  728  703  665  612  547  479  413  356  320  336  376  386  403  417  419  422
  425  425  422  398  384  354  324  300  276  257  244  237  216  187  164  142
  124  114  114  122  139  166  211  270  338  405  463  514  564  609  641  668
  698  727  754  778  799  821  841  857  870
