Assets/GIM/IGS0OPSRAP_20242990000_01D_02H_GIM.INX
     1.0            IONOSPHERE MAPS     MIX                 IONEX VERSION / TYPE
tecrms2ionex_2.awk  SRRC/UWM           10/27/24  510UT      PGM / RUN BY / DATE
Global ionosphere maps for day 299, 2024 (25-10-2024)       DESCRIPTION
IONEX file containing the COMBINED IGS Ionosphere maps      DESCRIPTION
from the combination of all available IAACS                 DESCRIPTION
Contact address: Andrzej Krankowski                         DESCRIPTION
                 Space Radio-Diagnostics Research Centre    DESCRIPTION
                 University of Warmia and Mazury (SRRC/UWM) DESCRIPTION
                 Oczapowski St. 1                           DESCRIPTION
                 10-957-Olsztyn, POLAND                     DESCRIPTION
                 e-mail:  kand@uwm.edu.pl                   DESCRIPTION
                                                            DESCRIPTION
  2024    10    25     0     0     0                        EPOCH OF FIRST MAP
  2024    10    26     0     0     0                        EPOCH OF LAST MAP
  7200                                                      INTERVAL
    13                                                      # OF MAPS IN FILE
  COSZ                                                      MAPPING FUNCTION
     0.0                                                    ELEVATION CUTOFF
Combined TEC calculated as weighted mean of input TEC valuesOBSERVABLES USED
   249                                                      # OF STATIONS
    31                                                      # OF SATELLITES
  6371.0                                                    BASE RADIUS
     2                                                      MAP DIMENSION
   450.0 450.0   0.0                                        HGT1 / HGT2 / DHGT
    87.5 -87.5  -2.5                                        LAT1 / LAT2 / DLAT
  -180.0 180.0   5.0                                        LON1 / LON2 / DLON
    -1                                                      EXPONENT
TEC values in  0.1 TECUs; 9999 if no value available        COMMENT
DCB values in nanoseconds, reference is Sum_of_SatDCBs = 0  COMMENT
                                                            END OF HEADER
[from data line 4719]
    12                                                      START OF TEC MAP
  2024    10    25    22     0     0                        EPOCH OF CURRENT MAP
    87.5-180.0 180.0   5.0 450.0                            LAT/LON1/LON2/DLON/H
  183  185  188  192  195  198  200  202  204  207  208  211  213  214  215  217
  218  218  220  220  220  221  219  217  214  212  205  201  200  196  193  190
  185  182  180  176  174  173  170  168  164  159  158  156  152  150  148  146
  145  141  139  138  139  140  141  141  142  143  144  146  147  148  152  153
  159  160  164  167  169  173  176  180  183
    85.0-180.0 180.0   5.0 450.0                            LAT/LON1/LON2/DLON/H
  204  207  213  218  221  225  227  231  234  238  241  244  248  251  255  254
  255  258  257  258  258  258  256  252  241  235  234  229  228  226  221  219
  214  207  203  195  189  185  178  170  166  160  157  150  145  141  135  130
  128  126  124  122  120  121  122  123  125  127  128  132  136  140  145  152
  157  161  169  175  181  184  193  198  204
    82.5-180.0 180.0   5.0 450.0                            LAT/LON1/LON2/DLON/H
  231  237  239  242  242  245  250  256  266  271  282  286  294  296  300  303
  303  301  301  301  299  297  292  275  277  276  272  269  265  260  257  251
  246  237  231  221  212  202  193  184  174  167  161  150  143  135  130  124
  118  117  116  116  116  119  122  124  127  129  133  137  143  150  155  162
  169  176  183  192  199  208  214  222  231
    80.0-180.0 180.0   5.0 450.0                            LAT/LON1/LON2/DLON/H
  256  258  255  256  265  275  289  298  309  316  324  332  337  342  344  344
  341  335  331  326  322  320  317  313  314  314  310  309  301  294  289  281
  273  265  256  247  237  224  212  199  188  177  169  158  149  140  131  125
  120  116  116  118  120  125  129  133  136  139  144  149  155  162  169  177
  184  192  200  208  217  227  238  251  256
    77.5-180.0 180.0   5.0 450.0                            LAT/LON1/LON2/DLON/H
  272  273  276  287  301  313  326  335  348  358  368  375  380  382  382  382
  380  376  368  356  339  326  331  325  326  331  335  328  323  317  314  306
  297  287  276  266  255  242  228  212  198  185  177  163  155  146  138  130
  125  123  122  125  128  132  135  139  143  147  153  158  165  174  183  193
  200  208  216  225  235  246  261  268  272
    75.0-180.0 180.0   5.0 450.0                            LAT/LON1/LON2/DLON/H
  291  296  307  318  338  353  368  386  392  399  414  430  435  434  429  408
  388  375  367  353  328  317  323  319  313  326  319  319  323  317  312  308
  303  297  287  274  264  253  239  223  208  191  183  167  159  152  145  141
  136  133  132  132  133  134  137  140  144  148  154  161  172  181  192  201
  211  221  232  242  256  268  277  285  291
    72.5-180.0 180.0   5.0 450.0                            LAT/LON1/LON2/DLON/H
  319  326  339  354  369  390  402  412  430  450  470  478  483  471  440  409
  393  376  356  337  313  304  298  293  287  296  305  296  293  298  298  292
  287  277  271  264  255  246  235  221  208  191  183  170  162  156  151  148
  145  142  138  135  133  133  135  136  139  144  150  159  170  180  192  206
  220  231  245  262  275  287  298  308  319
    70.0-180.0 180.0   5.0 450.0                            LAT/LON1/LON2/DLON/H
  341  355  366  380  396  411  425  447  466  486  503  513  510  488  459  428
  397  363  336  314  298  276  264  262  259  257  262  267  258  263  265  257
  251  248  239  232  230  225  214  206  195  182  176  165  158  152  147  143
  142  139  135  130  128  125  126  126  130  135  140  151  160  172  190  204
  221  237  255  272  289  302  316  330  341
    67.5-180.0 180.0   5.0 450.0                            LAT/LON1/LON2/DLON/H
  363  376  390  401  417  432  449  471  488  505  521  531  529  514  481  448
  412  371  336  303  287  261  244  237  234  229  226  231  230  229  224  219
  215  205  194  190  189  187  182  176  171  160  156  148  141  138  132  129
  127  127  122  118  114  111  111  111  114  119  125  134  144  156  177  195
  220  239  260  282  300  319  334  351  363
    65.0-180.0 180.0   5.0 450.0                            LAT/LON1/LON2/DLON/H
  387  400  414  427  440  454  472  487  502  519  534  543  542  533  509  479
  446  401  353  317  296  267  243  231  222  214  210  211  209  203  198  187
  180  170  161  157  152  148  145  144  140  132  130  124  120  118  115  113
  111  109  105  100   96   94   92   93   96  101  106  115  125  143  162  185
  211  235  264  290  315  336  356  373  387
    62.5-180.0 180.0   5.0 450.0                            LAT/LON1/LON2/DLON/H
  412  426  441  451  462  475  489  500  514  529  544  551  550  545  529  502
  475  430  391  355  320  292  263  248  235  221  210  208  200  191  180  168
  159  151  143  137  132  127  123  119  115  110  109  104  102  101   99   97
   94   93   88   83   81   78   78   79   81   86   91  100  110  130  149  178
  206  238  266  300  327  354  377  397  412
    60.0-180.0 180.0   5.0 450.0                            LAT/LON1/LON2/DLON/H
  441  455  466  477  485  496  503  512  523  535  545  553  555  552  541  520
  496  460  429  397  359  329  303  282  270  246  226  215  201  188  173  160
  149  142  135  128  123  117  111  106  101   98   97   93   92   90   88   85
   83   80   77   74   71   70   70   72   75   79   83   92  103  121  141  171
  202  238  274  309  345  374  401  422  441
    57.5-180.0 180.0   5.0 450.0                            LAT/LON1/LON2/DLON/H
  469  480  491  501  508  514  520  523  529  535  542  551  555  554  547  532
  513  484  456  426  395  367  340  313  294  267  245  228  209  191  176  161
  152  143  134  127  121  114  108  103   99   95   95   91   89   88   87   83
   80   77   75   74   72   72   71   73   75   79   82   91  101  118  139  168
  206  242  284  320  359  394  423  449  469
    55.0-180.0 180.0   5.0 450.0                            LAT/LON1/LON2/DLON/H
  490  502  513  524  531  534  536  536  538  538  542  549  552  553  549  540
  525  503  478  450  421  394  367  338  313  283  261  241  220  203  187  174
  163  151  141  133  126  119  113  108  105  102  101   97   96   96   93   89
   83   81   79   81   80   81   81   84   85   87   89   95  104  119  143  169
  211  251  293  337  374  409  444  468  490
    52.5-180.0 180.0   5.0 450.0                            LAT/LON1/LON2/DLON/H
  503  519  532  543  549  554  553  551  551  547  546  548  550  551  551  546
  535  516  494  467  438  409  383  355  326  300  276  254  232  214  201  188
  174  162  151  142  133  126  122  118  115  114  113  110  109  108  105   98
   92   92   91   92   95   97  101  102  101  102  103  105  113  125  148  178
  218  265  307  350  390  422  455  483  503
    50.0-180.0 180.0   5.0 450.0                            LAT/LON1/LON2/DLON/H
  513  531  546  559  565  571  572  568  564  558  554  551  551  552  552  550
  541  525  503  479  449  420  392  364  336  312  287  268  245  231  213  199
  184  171  158  147  138  134  130  129  128  127  127  126  124  123  119  115
  111  109  108  111  113  115  118  118  115  115  116  117  124  136  159  191
  230  277  321  362  402  437  465  489  513
    47.5-180.0 180.0   5.0 450.0                            LAT/LON1/LON2/DLON/H
  516  537  556  571  578  586  589  585  580  573  567  562  559  558  557  555
  548  533  513  487  460  429  401  371  344  320  299  279  259  244  226  208
  190  176  162  150  144  141  139  138  138  139  138  139  138  136  135  134
  130  128  128  130  130  128  129  128  127  127  127  129  140  154  176  210
  247  289  335  375  410  442  471  494  516
    45.0-180.0 180.0   5.0 450.0                            LAT/LON1/LON2/DLON/H
  519  541  562  580  588  597  602  601  597  594  587  581  575  570  567  563
  555  540  522  498  472  441  411  380  352  328  308  289  272  252  234  215
  196  181  165  156  150  148  148  147  146  146  146  147  147  148  148  149
  146  143  142  142  141  140  140  140  139  138  137  141  154  171  194  227
  265  300  343  383  416  444  471  495  519
    42.5-180.0 180.0   5.0 450.0                            LAT/LON1/LON2/DLON/H
  517  543  566  585  599  607  611  614  613  613  609  601  593  586  580  574
  564  551  533  512  487  456  424  391  361  334  316  297  280  258  240  222
  206  191  176  166  162  161  158  155  153  152  152  153  155  158  159  159
  156  155  152  151  149  148  148  147  148  148  147  153  167  187  210  242
  276  311  348  384  416  444  470  492  517
    40.0-180.0 180.0   5.0 450.0                            LAT/LON1/LON2/DLON/H
  516  544  568  589  604  611  617  621  624  628  627  620  612  603  594  586
  574  563  547  530  505  475  441  404  371  342  322  305  286  268  251  236
  224  210  197  190  187  182  175  168  162  158  158  160  164  167  167  165
  164  161  158  154  151  150  150  150  152  153  155  163  178  201  224  255
  286  321  352  383  413  442  468  492  516
    37.5-180.0 180.0   5.0 450.0                            LAT/LON1/LON2/DLON/H
  521  549  572  591  605  611  616  624  631  638  642  637  630  620  607  598
  587  577  563  548  525  497  460  417  383  355  331  315  298  283  272  267
  258  249  239  232  225  215  202  187  177  170  168  168  173  175  172  169
  167  163  158  152  149  149  148  147  149  152  157  167  186  212  238  267
  297  327  356  382  409  438  467  494  521
    35.0-180.0 180.0   5.0 450.0                            LAT/LON1/LON2/DLON/H
  533  561  580  595  603  605  610  621  634  646  653  653  649  638  625  612
  599  587  577  564  542  513  475  431  396  369  345  331  320  310  309  314
  312  308  299  297  285  260  240  219  201  190  184  181  182  181  177  170
  164  160  156  150  146  146  143  141  144  146  153  167  191  221  251  280
  310  337  363  388  413  440  471  503  533
    32.5-180.0 180.0   5.0 450.0                            LAT/LON1/LON2/DLON/H
  552  578  597  606  607  603  605  618  634  649  660  665  663  655  640  625
  609  597  587  575  552  523  484  442  407  383  366  358  355  351  365  382
  387  388  382  377  352  326  293  264  236  217  208  197  192  188  181  171
  162  156  152  148  146  144  141  141  140  142  149  166  194  227  262  298
  326  353  377  401  426  452  485  522  552
    30.0-180.0 180.0   5.0 450.0                            LAT/LON1/LON2/DLON/H
  584  607  624  627  620  610  606  620  639  652  666  675  678  670  653  637
  620  605  590  577  553  523  485  448  418  403  396  403  411  420  444  469
  479  480  468  450  412  388  355  311  273  247  233  217  207  199  189  175
  165  157  152  150  148  147  145  144  142  144  150  165  195  232  276  316
  347  374  397  422  451  484  521  557  584
    27.5-180.0 180.0   5.0 450.0                            LAT/LON1/LON2/DLON/H
  635  654  669  664  651  634  627  632  648  660  673  684  689  683  667  649
  631  611  591  572  547  519  486  457  436  431  439  464  489  526  558  571
  583  559  528  490  449  435  404  348  304  272  256  240  229  218  204  190
  178  168  163  158  157  154  152  150  147  148  153  166  194  236  285  332
  372  401  430  454  487  529  569  607  635
    25.0-180.0 180.0   5.0 450.0                            LAT/LON1/LON2/DLON/H
  701  716  733  723  702  682  668  660  666  674  686  698  705  701  685  663
  642  620  596  571  543  516  492  474  466  475  497  548  594  642  670  670
  650  594  543  497  460  450  434  383  338  293  277  268  257  244  229  215
  202  189  180  174  169  162  159  155  150  149  153  167  195  241  296  352
  397  430  466  494  533  581  629  678  701
    22.5-180.0 180.0   5.0 450.0                            LAT/LON1/LON2/DLON/H
  784  802  805  797  774  746  733  714  704  705  711  721  729  729  711  686
  657  632  606  576  550  528  515  509  514  533  570  632  704  729  738  713
  657  589  531  479  446  439  429  401  359  318  307  294  289  277  262  245
  228  214  201  190  180  170  163  157  153  151  154  168  199  248  309  368
  418  458  499  535  583  641  698  753  784
    20.0-180.0 180.0   5.0 450.0                            LAT/LON1/LON2/DLON/H
  863  883  887  886  865  839  810  791  768  754  751  762  766  766  748  720
  681  653  624  595  572  561  561  568  583  612  658  735  775  772  754  709
  638  568  503  447  413  402  397  388  373  345  341  316  319  320  306  273
  256  237  217  202  188  175  167  159  154  152  157  171  204  256  319  381
  435  483  530  578  638  699  767  827  863
    17.5-180.0 180.0   5.0 450.0                            LAT/LON1/LON2/DLON/H
  926  952  963  969  956  931  906  883  852  827  812  816  817  816  798  769
  723  691  661  635  614  616  630  650  676  709  758  818  816  772  726  659
  599  525  455  405  373  360  358  363  378  356  360  333  338  348  343  313
  282  257  231  211  192  180  171  161  153  154  160  177  212  265  329  393
  449  503  557  612  681  752  821  888  926
    15.0-180.0 180.0   5.0 450.0                            LAT/LON1/LON2/DLON/H
  960  992 1018 1038 1038 1023 1005  980  946  914  891  884  878  876  858  830
  779  747  719  699  682  690  714  741  767  797  827  835  797  725  641  576
  504  447  386  357  333  327  337  339  359  343  353  338  351  361  354  325
  294  269  240  215  194  180  168  158  153  153  162  183  220  274  340  404
  462  520  581  645  715  784  859  917  960
    12.5-180.0 180.0   5.0 450.0                            LAT/LON1/LON2/DLON/H
  967 1007 1044 1083 1100 1097 1096 1075 1039 1006  978  962  945  940  919  890
  851  825  795  775  763  777  798  819  831  834  814  767  721  638  545  465
  403  355  323  313  309  314  325  323  330  330  341  336  347  352  345  320
  296  272  239  214  195  178  165  157  152  153  163  186  226  281  348  413
  472  535  601  668  737  802  867  924  967
    10.0-180.0 180.0   5.0 450.0                            LAT/LON1/LON2/DLON/H
  954  995 1042 1091 1121 1135 1150 1147 1121 1091 1069 1037 1017 1009  988  955
  932  914  885  866  854  865  882  888  873  829  747  677  621  529  452  379
  315  283  281  292  309  321  323  324  329  334  339  337  338  332  326  306
  289  266  237  215  198  180  169  163  158  158  167  191  232  289  355  420
  481  549  618  685  749  805  860  911  954
     7.5-180.0 180.0   5.0 450.0                            LAT/LON1/LON2/DLON/H
  929  971 1018 1074 1107 1136 1163 1177 1183 1163 1129 1102 1087 1075 1062 1034
 1016 1001  977  963  947  943  951  943  896  803  686  598  521  431  379  322
  270  256  275  306  333  351  356  366  364  358  350  342  332  318  309  294
  276  261  238  221  203  190  181  178  174  175  181  203  243  300  362  426
  490  560  629  693  750  798  844  888  929
     5.0-180.0 180.0   5.0 450.0                            LAT/LON1/LON2/DLON/H
  906  945  985 1035 1070 1108 1142 1174 1194 1192 1168 1146 1132 1131 1126 1108
 1090 1078 1060 1049 1029 1004  991  970  893  767  628  515  428  359  327  297
  271  268  305  355  395  418  436  437  421  398  376  355  337  323  307  292
  271  258  244  226  215  204  201  200  197  198  205  224  261  315  373  439
  499  567  633  693  744  786  828  868  906
     2.5-180.0 180.0   5.0 450.0                            LAT/LON1/LON2/DLON/H
  895  931  961  996 1033 1075 1111 1149 1173 1183 1174 1157 1150 1158 1166 1157
 1142 1131 1117 1102 1077 1041 1010  967  880  733  578  456  367  321  309  309
  314  326  382  446  488  513  540  523  495  458  423  382  357  343  319  297
  281  266  250  235  229  224  222  222  225  226  232  251  289  336  393  455
  513  578  636  692  737  776  816  856  895
