Assets/GIM/IGS0OPSRAP_20242170000_01D_02H_GIM.INX
     1.0            IONOSPHERE MAPS     MIX                 IONEX VERSION / TYPE
tecrms2ionex_2.awk  SRRC/UWM           08/06/24  508UT      PGM / RUN BY / DATE
Global ionosphere maps for day 217, 2024 ( 4- 8-2024)       DESCRIPTION
IONEX file containing the COMBINED IGS Ionosphere maps      DESCRIPTION
from the combination of all available IAACS                 DESCRIPTION
Contact address: Andrzej Krankowski                         DESCRIPTION
                 Space Radio-Diagnostics Research Centre    DESCRIPTION
                 University of Warmia and Mazury (SRRC/UWM) DESCRIPTION
                 Oczapowski St. 1                           DESCRIPTION
                 10-957-Olsztyn, POLAND                     DESCRIPTION
                 e-mail:  kand@uwm.edu.pl                   DESCRIPTION
                                                            DESCRIPTION
  2024     8     4     0     0     0                        EPOCH OF FIRST MAP
  2024     8     5     0     0     0                        EPOCH OF LAST MAP
  7200                                                      INTERVAL
    13                                                      # OF MAPS IN FILE
  COSZ                                                      MAPPING FUNCTION
     0.0                                                    ELEVATION CUTOFF
Combined TEC calculated as weighted mean of input TEC valuesOBSERVABLES USED
   243                                                      # OF STATIONS
    31                                                      # OF SATELLITES
  6371.0                                                    BASE RADIUS
     2                                                      MAP DIMENSION
   450.0 450.0   0.0                                        HGT1 / HGT2 / DHGT
    87.5 -87.5  -2.5                                        LAT1 / LAT2 / DLAT
  -180.0 180.0   5.0                                        LON1 / LON2 / DLON
    -1                                                      EXPONENT
TEC values in  0.1 TECUs; 9999 if no value available        COMMENT
DCB values in nanoseconds, reference is Sum_of_SatDCBs = 0  COMMENT
                                                            END OF HEADER
[from data line 1287]
     4                                                      START OF TEC MAP
  2024     8     4     6     0     0                        EPOCH OF CURRENT MAP
    87.5-180.0 180.0   5.0 450.0                            LAT/LON1/LON2/DLON/H
  200  201  201  202  203  203  203  203  204  205  205  205  205  205  205  205
  204  203  204  204  204  204  205  204  204  203  202  200  200  199  198  198
  197  196  195  195  195  194  194  192  193  193  193  192  192  192  193  194
  194  195  195  197  197  198  199  199  199  199  200  200  200  200  200  200
  200  199  199  200  200  199  200  200  200
    85.0-180.0 180.0   5.0 450.0                            LAT/LON1/LON2/DLON/H
  193  193  194  194  196  197  198  199  200  201  202  203  204  205  205  207
  207  208  208  207  206  205  203  203  200  198  197  196  194  192  190  189
  187  184  183  182  180  179  179  178  178  179  179  180  183  184  186  187
  189  190  191  193  194  196  198  199  199  199  200  199  198  198  197  197
  196  195  194  194  193  193  193  193  193
    82.5-180.0 180.0   5.0 450.0                            LAT/LON1/LON2/DLON/H
  183  183  184  185  187  188  191  193  196  198  201  202  204  205  207  206
  208  207  206  205  206  205  200  197  192  191  190  187  186  183  181  180
  178  177  176  175  174  173  172  171  171  171  172  173  175  178  180  184
  187  190  192  194  197  199  201  203  203  203  203  203  202  201  198  196
  194  192  190  188  186  185  183  184  183
    80.0-180.0 180.0   5.0 450.0                            LAT/LON1/LON2/DLON/H
  172  171  171  173  175  179  182  186  189  192  196  200  203  205  206  206
  205  203  202  200  198  199  194  189  188  182  179  176  174  173  171  170
  168  165  163  163  161  162  160  160  161  163  165  167  170  174  178  182
  187  191  195  200  203  207  210  212  213  213  213  212  211  208  205  201
  197  193  189  184  181  177  174  173  172
    77.5-180.0 180.0   5.0 450.0                            LAT/LON1/LON2/DLON/H
  163  162  162  164  167  169  174  178  184  190  195  199  201  202  202  202
  202  199  197  194  189  186  184  178  176  170  168  165  163  159  157  154
  155  153  152  152  150  150  151  152  153  156  160  163  167  172  178  184
  191  198  203  209  215  219  223  227  228  229  228  228  225  222  218  212
  207  200  193  187  181  175  170  166  163
    75.0-180.0 180.0   5.0 450.0                            LAT/LON1/LON2/DLON/H
  163  161  161  161  162  165  168  174  182  187  190  190  191  193  194  193
  191  188  186  184  181  177  175  171  165  162  160  155  154  151  148  146
  145  144  143  143  143  144  146  148  151  155  159  164  170  177  184  194
  201  209  216  223  230  235  240  243  246  246  246  245  243  239  233  228
  220  212  204  196  187  179  173  166  163
    72.5-180.0 180.0   5.0 450.0                            LAT/LON1/LON2/DLON/H
  172  168  165  163  161  163  166  171  175  177  179  180  182  185  185  183
  182  181  178  172  172  169  165  162  155  152  148  148  144  143  144  142
  141  140  140  140  141  142  145  149  154  159  164  171  178  186  195  205
  215  222  231  238  245  251  255  259  261  262  263  262  259  255  250  243
  235  226  217  208  200  190  184  177  172
    70.0-180.0 180.0   5.0 450.0                            LAT/LON1/LON2/DLON/H
  187  181  175  169  164  163  164  166  167  169  170  173  176  177  176  176
  175  172  169  165  163  160  156  152  147  145  143  141  139  138  140  140
  140  139  139  140  143  145  149  155  160  167  175  182  192  201  210  220
  228  237  245  252  258  264  267  270  272  274  273  272  271  268  263  257
  249  240  231  223  215  207  200  193  187
    67.5-180.0 180.0   5.0 450.0                            LAT/LON1/LON2/DLON/H
  204  198  191  181  172  165  163  161  161  162  164  166  169  167  168  168
  169  164  163  161  157  153  149  146  143  140  140  138  136  135  135  137
  139  140  142  142  146  152  156  162  170  179  188  198  208  217  227  234
  243  250  258  264  269  273  275  277  278  278  277  277  276  274  271  265
  259  250  242  236  229  224  217  211  204
    65.0-180.0 180.0   5.0 450.0                            LAT/LON1/LON2/DLON/H
  220  213  207  196  183  174  165  160  159  158  157  160  159  159  161  163
  163  161  160  157  152  147  144  142  140  137  136  134  133  132  134  135
  139  142  146  149  152  159  165  172  182  194  203  215  226  234  242  249
  255  261  267  272  275  278  279  280  279  277  276  275  274  274  271  266
  260  252  247  242  238  235  230  225  220
    62.5-180.0 180.0   5.0 450.0                            LAT/LON1/LON2/DLON/H
  230  225  219  209  197  186  171  162  157  156  154  154  152  153  155  157
  157  156  156  152  148  143  140  138  137  133  131  130  129  129  132  135
  139  144  148  154  160  167  174  184  197  208  219  231  239  248  255  260
  266  269  274  278  281  282  281  280  276  273  270  269  269  268  265  261
  254  251  247  245  242  240  237  234  230
    60.0-180.0 180.0   5.0 450.0                            LAT/LON1/LON2/DLON/H
  236  232  227  218  208  194  178  167  159  154  151  149  146  146  147  150
  151  151  151  147  143  138  135  132  132  127  125  123  123  125  129  133
  137  143  149  157  165  174  184  197  209  223  233  243  253  260  266  271
  275  278  281  285  288  287  284  281  275  270  266  264  263  262  259  255
  250  248  245  243  242  240  240  237  236
    57.5-180.0 180.0   5.0 450.0                            LAT/LON1/LON2/DLON/H
  239  236  231  224  214  202  187  177  166  157  150  145  141  140  139  142
  144  144  144  141  137  132  128  125  124  120  117  117  119  121  124  129
  135  142  151  160  170  181  193  206  218  232  244  254  263  270  276  281
  285  289  292  296  297  297  292  286  278  272  267  264  262  260  257  253
  249  246  245  243  242  240  241  240  239
    55.0-180.0 180.0   5.0 450.0                            LAT/LON1/LON2/DLON/H
  241  237  233  227  219  209  198  189  177  165  154  146  138  134  133  134
  137  138  138  135  131  126  119  116  114  109  108  108  111  114  118  124
  133  142  152  163  174  187  200  213  227  240  254  263  272  281  286  292
  297  301  306  311  311  310  305  297  289  282  276  272  269  266  262  258
  254  250  248  246  244  242  241  241  241
    52.5-180.0 180.0   5.0 450.0                            LAT/LON1/LON2/DLON/H
  244  240  236  231  226  218  208  198  190  177  165  152  141  134  130  130
  130  131  130  128  123  118  109  105  103   99   97  100  102  107  112  121
  130  142  155  167  180  192  205  219  233  248  262  274  283  291  299  305
  310  316  324  328  330  326  322  315  307  299  293  288  284  280  276  272
  267  262  258  254  251  248  247  245  244
    50.0-180.0 180.0   5.0 450.0                            LAT/LON1/LON2/DLON/H
  253  248  244  239  235  227  217  209  202  189  177  164  152  140  134  130
  128  127  126  123  117  111  102   97   93   91   91   92   96  104  110  119
  132  145  159  173  185  198  211  225  239  256  271  283  294  303  312  320
  328  336  342  350  351  348  344  337  330  321  314  310  305  300  295  290
  285  279  274  268  263  259  257  255  253
    47.5-180.0 180.0   5.0 450.0                            LAT/LON1/LON2/DLON/H
  266  263  256  252  248  239  229  221  213  203  191  178  166  154  145  137
  131  128  126  121  115  109  101   95   91   90   91   94   99  105  113  122
  136  150  166  181  193  206  218  230  246  263  280  294  307  318  326  337
  348  359  367  374  376  373  370  363  355  346  339  334  328  321  315  310
  304  298  294  286  282  277  274  271  266
    45.0-180.0 180.0   5.0 450.0                            LAT/LON1/LON2/DLON/H
  284  279  272  267  262  253  242  233  225  215  204  192  179  169  160  151
  142  136  134  128  121  116  110  103  100  100  101  105  109  115  121  129
  142  158  174  188  202  213  225  238  253  271  290  306  319  333  345  358
  369  381  392  401  405  405  399  391  383  373  363  354  344  336  329  325
  322  319  314  308  304  298  294  290  284
    42.5-180.0 180.0   5.0 450.0                            LAT/LON1/LON2/DLON/H
  302  295  288  283  276  267  255  245  236  225  214  203  193  185  176  168
  159  151  149  143  136  132  127  122  120  121  122  125  127  130  133  140
  151  167  181  196  209  221  233  246  262  282  299  318  335  351  365  381
  392  407  418  429  433  436  430  420  411  399  385  370  356  344  336  333
  333  333  333  330  327  319  313  307  302
    40.0-180.0 180.0   5.0 450.0                            LAT/LON1/LON2/DLON/H
  314  308  300  295  289  280  267  254  244  233  223  213  205  199  192  184
  175  168  165  160  156  153  150  148  148  149  148  150  150  147  149  154
  162  173  187  202  216  229  239  253  271  290  311  332  351  370  386  400
  416  434  446  456  461  465  460  453  442  425  406  386  367  352  341  337
  339  343  347  347  344  336  329  322  314
    37.5-180.0 180.0   5.0 450.0                            LAT/LON1/LON2/DLON/H
  322  315  308  303  297  288  275  260  250  239  229  221  215  211  206  200
  191  184  181  180  178  177  177  177  181  182  180  178  173  167  166  166
  171  179  191  206  222  235  248  262  279  300  324  346  368  385  404  422
  440  458  474  483  490  494  492  488  477  459  434  409  386  366  352  346
  349  353  360  361  357  349  340  330  322
    35.0-180.0 180.0   5.0 450.0                            LAT/LON1/LON2/DLON/H
  325  317  310  305  299  290  277  263  252  242  235  228  223  221  219  214
  207  200  197  197  198  200  203  209  214  216  211  204  196  187  181  177
  178  183  195  210  227  242  255  269  288  310  335  359  381  403  424  445
  463  485  500  516  526  532  532  531  521  503  476  450  422  398  377  369
  367  371  378  379  372  362  352  337  325
    32.5-180.0 180.0   5.0 450.0                            LAT/LON1/LON2/DLON/H
  332  320  310  303  296  287  276  264  252  245  239  233  229  230  228  228
  221  214  211  214  215  220  227  238  244  245  237  227  215  204  194  186
  183  185  195  211  229  246  259  275  295  317  343  370  397  420  446  469
  488  507  531  554  568  580  585  589  579  560  537  512  483  456  427  413
  404  403  409  408  400  385  367  349  332
    30.0-180.0 180.0   5.0 450.0                            LAT/LON1/LON2/DLON/H
  351  335  319  307  295  284  274  263  254  246  242  237  235  235  238  240
  234  226  224  227  230  236  247  261  267  265  257  244  231  217  203  194
  188  187  194  209  228  246  261  278  300  324  352  382  412  439  466  492
  512  539  567  597  621  639  649  661  653  635  614  595  570  539  505  486
  468  461  459  451  440  420  398  376  351
    27.5-180.0 180.0   5.0 450.0                            LAT/LON1/LON2/DLON/H
  391  364  342  324  306  292  278  267  257  251  247  242  241  244  247  249
  245  237  236  239  244  249  262  275  281  280  271  257  242  225  209  199
  190  187  191  205  227  247  262  283  308  335  364  398  426  452  484  508
  539  575  610  648  681  706  725  738  734  722  705  685  669  638  602  578
  555  542  527  512  500  474  448  422  391
    25.0-180.0 180.0   5.0 450.0                            LAT/LON1/LON2/DLON/H
  455  424  390  367  339  316  296  282  269  262  258  255  252  253  255  257
  255  250  248  254  257  261  272  283  291  293  282  266  245  227  208  196
  186  181  186  202  226  249  269  293  321  350  381  413  439  465  496  528
  567  614  656  703  745  765  792  809  807  800  792  780  766  737  703  677
  648  637  611  594  577  549  522  491  455
    22.5-180.0 180.0   5.0 450.0                            LAT/LON1/LON2/DLON/H
  540  512  478  434  396  365  338  320  300  288  280  276  272  269  267  268
  267  266  264  268  268  272  280  289  297  296  287  265  240  219  202  188
  177  172  178  199  225  252  278  306  336  363  396  425  451  479  513  550
  595  649  701  755  794  814  835  847  851  851  851  851  841  824  791  765
  738  728  708  683  652  632  610  575  540
    20.0-180.0 180.0   5.0 450.0                            LAT/LON1/LON2/DLON/H
  633  610  573  520  473  438  406  382  353  333  322  311  302  294  286  283
  282  280  276  276  275  280  286  292  294  290  279  256  229  208  191  176
  163  163  171  193  221  252  285  316  346  377  410  441  468  496  532  572
  618  678  735  778  811  826  837  847  858  867  872  877  873  861  840  820
  804  796  782  756  728  710  682  655  633
    17.5-180.0 180.0   5.0 450.0                            LAT/LON1/LON2/DLON/H
  712  690  662  605  555  522  492  468  427  397  379  360  344  329  315  306
  301  294  287  281  279  281  284  285  283  274  261  241  215  194  179  165
  153  151  164  186  218  254  289  324  355  388  427  457  484  513  551  595
  643  697  745  777  796  804  811  824  839  852  860  869  870  867  855  840
  834  831  821  800  780  763  741  721  712
    15.0-180.0 180.0   5.0 450.0                            LAT/LON1/LON2/DLON/H
  756  746  711  665  620  590  580  554  508  470  450  422  396  372  354  336
  324  309  297  283  278  276  276  272  268  255  239  217  197  179  165  155
  145  141  154  178  213  252  290  328  362  399  440  471  503  535  577  619
  673  713  744  760  767  771  775  786  804  818  828  841  845  842  843  839
  838  841  834  819  806  788  770  758  756
    12.5-180.0 180.0   5.0 450.0                            LAT/LON1/LON2/DLON/H
  759  751  724  686  651  631  623  614  587  555  527  500  460  426  399  372
  350  323  306  285  275  269  263  257  249  234  217  197  180  164  154  145
  135  130  142  169  206  247  288  329  370  411  452  487  521  558  601  647
  692  725  743  745  741  740  741  747  763  777  790  804  810  811  817  820
  825  832  828  819  809  791  775  764  759
    10.0-180.0 180.0   5.0 450.0                            LAT/LON1/LON2/DLON/H
  739  724  695  657  629  620  620  627  619  610  593  565  521  480  445  411
  378  336  314  289  273  260  250  240  229  214  197  180  166  153  144  135
  125  121  133  160  198  241  286  329  373  417  459  496  535  574  618  663
  704  732  742  735  725  723  722  725  734  746  760  771  779  782  788  796
  804  813  812  807  797  782  766  751  739
     7.5-180.0 180.0   5.0 450.0                            LAT/LON1/LON2/DLON/H
  712  689  649  598  571  564  572  584  601  614  616  597  563  524  487  447
  406  358  331  295  271  251  237  225  213  199  182  169  155  146  137  128
  120  116  127  152  189  233  278  321  371  416  457  502  544  587  631  676
  715  739  745  736  726  726  727  728  731  739  748  755  761  764  769  778
  786  794  797  794  782  770  753  733  712
     5.0-180.0 180.0   5.0 450.0                            LAT/LON1/LON2/DLON/H
  693  656  597  541  498  488  496  514  543  572  591  590  575  548  515  475
  431  372  341  300  269  244  227  215  204  191  175  160  148  140  133  125
  117  114  121  144  183  224  270  317  365  411  456  503  546  590  632  679
  719  744  751  748  743  746  756  757  753  753  757  760  761  762  764  770
  777  783  787  784  777  762  744  720  693
     2.5-180.0 180.0   5.0 450.0                            LAT/LON1/LON2/DLON/H
  689  640  569  497  445  421  427  440  470  510  533  549  553  540  515  481
  439  391  360  306  273  245  224  212  201  188  172  156  145  137  130  123
  116  114  119  140  174  217  264  312  360  406  451  496  540  580  621  669
  715  745  758  765  769  777  797  798  787  782  781  781  779  776  776  780
  779  781  784  785  780  768  750  724  689
