Assets/GIM/IGS0OPSRAP_20243010000_01D_02H_GIM.INX
     1.0            IONOSPHERE MAPS     MIX                 IONEX VERSION / TYPE
tecrms2ionex_2.awk  SRRC/UWM           10/29/24  510UT      PGM / RUN BY / DATE
Global ionosphere maps for day 301, 2024 (27-10-2024)       DESCRIPTION
IONEX file containing the COMBINED IGS Ionosphere maps      DESCRIPTION
from the combination of all available IAACS                 DESCRIPTION
Contact address: Andrzej Krankowski                         DESCRIPTION
                 Space Radio-Diagnostics Research Centre    DESCRIPTION
                 University of Warmia and Mazury (SRRC/UWM) DESCRIPTION
                 Oczapowski St. 1                           DESCRIPTION
                 10-957-Olsztyn, POLAND                     DESCRIPTION
                 e-mail:  kand@uwm.edu.pl                   DESCRIPTION
                                                            DESCRIPTION
  2024    10    27     0     0     0                        EPOCH OF FIRST MAP
  2024    10    28     0     0     0                        EPOCH OF LAST MAP
  7200                                                      INTERVAL
    13                                                      # OF MAPS IN FILE
  COSZ                                                      MAPPING FUNCTION
     0.0                                                    ELEVATION CUTOFF
Combined TEC calculated as weighted mean of input TEC valuesOBSERVABLES USED
   250                                                      # OF STATIONS
    31                                                      # OF SATELLITES
  6371.0                                                    BASE RADIUS
     2                                                      MAP DIMENSION
   450.0 450.0   0.0                                        HGT1 / HGT2 / DHGT
    87.5 -87.5  -2.5                                        LAT1 / LAT2 / DLAT
  -180.0 180.0   5.0                                        LON1 / LON2 / DLON
    -1                                                      EXPONENT
TEC values in  0.1 TECUs; 9999 if no value available        COMMENT
DCB values in nanoseconds, reference is Sum_of_SatDCBs = 0  COMMENT
                                                            END OF HEADER
[from data line 3861]
    10                                                      START OF TEC MAP
  2024    10    27    18     0     0                        EPOCH OF CURRENT MAP
    87.5-180.0 180.0   5.0 450.0                            LAT/LON1/LON2/DLON/H
  206  205  206  206  207  208  210  212  214  218  220  224  228  232  237  241
  246  250  255  260  265  269  273  277  281  285  288  291  294  297  299  300
  302  303  304  304  305  304  304  303  302  301  299  297  295  293  290  287
  284  281  277  274  270  266  262  258  254  250  246  242  238  234  230  226
  223  219  217  214  212  210  208  206  206
    85.0-180.0 180.0   5.0 450.0                            LAT/LON1/LON2/DLON/H
  164  163  163  163  164  166  169  173  178  183  190  197  205  213  222  230
  239  248  257  266  274  282  289  297  303  310  314  319  324  327  330  333
  334  336  337  338  338  337  336  335  332  330  327  324  321  317  313  309
  304  299  294  288  284  277  271  265  257  250  243  235  228  221  214  206
  199  193  187  182  177  173  169  166  164
    82.5-180.0 180.0   5.0 450.0                            LAT/LON1/LON2/DLON/H
  141  140  139  138  139  142  145  150  155  163  172  181  193  204  217  229
  242  253  265  276  287  296  304  312  318  324  329  333  337  340  343  346
  348  349  351  351  351  351  349  347  345  342  339  336  332  328  324  320
  316  312  306  302  296  289  282  275  266  257  249  239  229  219  210  200
  190  181  173  166  159  153  148  145  141
    80.0-180.0 180.0   5.0 450.0                            LAT/LON1/LON2/DLON/H
  141  138  136  135  136  137  139  144  150  157  167  179  192  208  224  239
  255  269  282  293  304  311  317  322  325  326  329  329  331  333  335  336
  339  341  342  343  344  343  343  341  339  337  334  332  329  327  325  323
  320  318  315  311  307  302  296  288  280  271  261  250  239  228  217  206
  195  185  175  167  159  153  148  143  141
    77.5-180.0 180.0   5.0 450.0                            LAT/LON1/LON2/DLON/H
  156  154  152  151  151  151  153  155  161  168  178  191  207  224  243  262
  280  296  311  321  328  332  332  329  325  319  315  310  307  306  306  307
  309  312  314  316  317  318  318  318  317  317  316  316  316  316  316  317
  318  318  318  318  316  313  308  302  294  285  275  265  253  242  230  219
  207  197  188  180  173  167  163  159  156
    75.0-180.0 180.0   5.0 450.0                            LAT/LON1/LON2/DLON/H
  183  182  181  180  179  178  178  180  184  190  200  213  229  249  271  294
  315  335  349  360  363  360  352  341  327  311  297  284  274  268  265  264
  266  269  272  275  278  280  282  284  285  286  288  290  293  297  300  305
  309  313  316  318  318  317  314  309  303  295  285  275  264  253  242  231
  221  212  204  197  192  188  186  184  183
    72.5-180.0 180.0   5.0 450.0                            LAT/LON1/LON2/DLON/H
  210  212  213  213  213  212  212  212  214  218  227  239  256  279  303  331
  357  379  396  404  405  397  383  363  338  313  287  263  244  230  222  219
  220  223  227  232  236  240  242  245  248  250  255  260  266  272  280  287
  295  301  306  310  312  312  310  306  300  293  284  275  265  255  246  237
  228  221  215  210  208  207  206  208  210
    70.0-180.0 180.0   5.0 450.0                            LAT/LON1/LON2/DLON/H
  230  235  239  242  244  244  244  243  244  246  254  266  284  308  337  369
  399  426  444  454  453  443  425  398  365  330  294  259  229  205  190  183
  182  185  190  196  201  205  207  210  213  217  222  228  237  246  256  265
  274  281  287  292  295  294  293  288  282  275  268  259  251  243  236  229
  223  219  216  214  214  216  219  224  230
    67.5-180.0 180.0   5.0 450.0                            LAT/LON1/LON2/DLON/H
  238  247  255  260  265  267  268  268  268  271  278  291  310  337  369  403
  438  467  490  503  505  496  477  447  411  369  324  279  237  203  179  167
  162  165  170  176  180  184  186  187  188  191  195  202  210  220  229  239
  247  255  259  262  264  262  260  255  249  242  235  227  221  214  210  206
  203  202  202  204  208  213  220  229  238
    65.0-180.0 180.0   5.0 450.0                            LAT/LON1/LON2/DLON/H
  233  246  257  266  273  278  281  283  286  292  301  315  337  366  400  435
  470  502  528  545  552  550  534  508  471  426  376  322  272  227  195  176
  169  169  174  179  182  183  183  180  177  177  178  182  189  196  205  212
  218  222  224  225  224  221  216  211  204  196  189  182  177  172  169  168
  169  172  175  181  188  198  208  220  233
    62.5-180.0 180.0   5.0 450.0                            LAT/LON1/LON2/DLON/H
  217  232  246  259  269  278  285  292  300  310  324  344  369  399  431  464
  497  527  555  577  593  598  591  571  538  494  442  384  327  277  239  215
  205  204  207  209  208  204  198  189  181  176  172  173  176  179  184  186
  188  188  186  183  180  174  170  163  156  148  141  135  130  127  126  126
  129  134  140  150  159  172  186  201  217
    60.0-180.0 180.0   5.0 450.0                            LAT/LON1/LON2/DLON/H
  192  210  227  243  258  272  284  298  313  330  352  379  409  439  466  492
  517  544  570  597  619  635  638  627  601  560  510  454  397  345  306  281
  270  266  265  262  254  242  227  212  198  186  179  175  172  171  169  166
  163  158  152  147  141  135  130  123  118  111  104   98   94   90   89   90
   94  100  108  117  129  143  158  175  192
    57.5-180.0 180.0   5.0 450.0                            LAT/LON1/LON2/DLON/H
  164  184  204  224  245  264  284  305  328  355  388  423  458  486  506  519
  533  551  575  602  630  655  669  666  648  615  572  523  471  426  390  367
  354  346  338  325  308  287  265  243  223  207  195  186  178  171  163  155
  147  139  130  123  117  111  107  102   98   93   87   82   77   73   70   70
   73   77   84   93  103  116  130  146  164
    55.0-180.0 180.0   5.0 450.0                            LAT/LON1/LON2/DLON/H
  140  160  182  208  235  262  290  318  350  387  429  473  512  538  548  548
  548  553  568  592  624  656  679  686  676  652  618  581  542  506  478  456
  441  426  408  387  360  331  301  274  250  231  215  202  190  178  165  154
  142  133  124  117  112  109  107  106  104  102   98   93   87   82   77   74
   72   74   77   83   90   99  109  123  140
    52.5-180.0 180.0   5.0 450.0                            LAT/LON1/LON2/DLON/H
  124  144  168  199  232  267  303  340  380  423  472  522  565  588  590  577
  562  553  557  576  607  642  672  687  685  670  649  625  600  575  553  534
  515  492  465  433  398  362  329  299  274  253  235  220  204  189  174  161
  151  142  135  131  128  128  129  131  133  133  131  127  121  114  107  101
   96   92   90   90   92   95  101  110  124
    50.0-180.0 180.0   5.0 450.0                            LAT/LON1/LON2/DLON/H
  120  138  164  199  239  282  325  369  413  461  514  568  613  635  632  609
  581  559  551  561  588  625  658  677  681  676  666  654  640  626  609  588
  562  531  494  454  415  379  345  316  291  271  251  234  216  201  186  174
  166  161  158  155  156  159  163  168  173  175  174  171  166  159  151  141
  132  124  117  112  108  106  106  111  120
    47.5-180.0 180.0   5.0 450.0                            LAT/LON1/LON2/DLON/H
  128  143  171  210  255  304  353  402  449  498  550  604  651  674  670  644
  608  576  557  558  580  615  648  667  675  674  672  669  664  652  635  610
  576  538  496  455  418  384  354  327  303  282  261  242  225  209  197  189
  185  182  181  182  185  190  196  203  209  213  213  211  207  202  193  183
  173  161  151  142  134  127  123  122  128
    45.0-180.0 180.0   5.0 450.0                            LAT/LON1/LON2/DLON/H
  144  159  186  226  276  329  383  434  483  530  579  631  678  706  707  683
  646  608  581  574  591  621  649  667  675  676  676  675  669  655  634  603
  564  524  482  445  413  385  359  335  312  289  267  247  230  216  206  201
  199  199  199  201  205  210  217  224  229  233  235  235  234  232  227  217
  206  194  183  173  162  153  144  141  144
    42.5-180.0 180.0   5.0 450.0                            LAT/LON1/LON2/DLON/H
  164  178  207  248  297  352  409  462  510  554  599  648  695  729  740  725
  693  655  624  613  624  647  670  682  685  684  680  674  663  644  618  584
  545  505  470  439  415  393  370  347  323  299  275  254  237  223  215  210
  207  206  206  207  209  214  219  225  229  232  234  237  240  242  241  236
  227  217  207  198  188  176  167  161  164
    40.0-180.0 180.0   5.0 450.0                            LAT/LON1/LON2/DLON/H
  182  199  228  270  318  372  427  480  529  570  610  655  703  743  765  762
  740  708  678  664  672  690  704  709  705  698  689  676  657  633  604  570
  534  501  474  454  436  416  395  371  345  318  293  270  251  236  225  216
  210  206  202  200  202  205  210  212  215  218  220  225  232  238  242  241
  235  228  221  214  204  194  184  178  182
    37.5-180.0 180.0   5.0 450.0                            LAT/LON1/LON2/DLON/H
  195  215  247  288  335  385  438  490  537  578  614  656  703  748  780  792
  781  758  733  721  726  738  745  740  730  716  701  681  657  632  605  576
  550  527  511  496  480  460  435  408  379  351  324  300  277  258  241  227
  215  206  200  198  198  200  201  202  201  203  206  212  221  230  238  240
  238  234  228  223  214  204  194  190  195
    35.0-180.0 180.0   5.0 450.0                            LAT/LON1/LON2/DLON/H
  203  227  262  303  347  392  440  490  537  578  614  653  698  746  785  807
  809  795  777  769  773  781  780  769  753  735  716  695  672  652  634  617
  602  590  578  565  546  520  490  459  429  401  372  345  319  294  270  249
  232  221  214  211  211  212  211  208  205  204  207  212  220  229  236  240
  239  237  233  227  218  208  198  194  203
    32.5-180.0 180.0   5.0 450.0                            LAT/LON1/LON2/DLON/H
  206  235  273  315  354  393  436  483  531  574  610  648  692  740  783  811
  820  815  806  801  804  808  802  787  769  751  735  719  705  696  691  689
  684  678  668  651  624  590  553  519  489  461  432  402  372  342  314  291
  272  260  255  254  255  255  251  243  237  234  235  237  239  242  246  248
  247  244  239  232  221  207  196  194  206
    30.0-180.0 180.0   5.0 450.0                            LAT/LON1/LON2/DLON/H
  207  241  283  325  359  393  430  474  523  570  608  646  688  734  776  806
  820  820  816  815  817  817  807  793  777  766  757  752  752  758  770  780
  785  782  768  742  703  658  615  580  550  521  491  459  427  398  371  350
  337  332  332  334  336  334  324  310  297  292  290  285  278  272  270  267
  263  257  250  238  224  207  193  192  207
    27.5-180.0 180.0   5.0 450.0                            LAT/LON1/LON2/DLON/H
  210  247  292  334  367  395  426  468  519  569  611  650  691  733  772  798
  812  816  815  815  816  813  804  793  784  782  786  795  811  833  859  880
  890  885  863  823  771  714  664  626  596  567  536  504  476  453  437  428
  426  430  435  439  439  432  415  393  375  366  360  346  327  311  301  293
  285  276  264  249  229  208  192  191  210
    25.0-180.0 180.0   5.0 450.0                            LAT/LON1/LON2/DLON/H
  218  258  307  349  379  402  430  471  523  576  622  662  703  741  773  795
  805  807  808  808  808  806  800  795  797  807  823  846  875  910  947  973
  984  974  940  885  816  747  690  649  617  587  556  527  507  499  500  508
  520  533  542  545  541  529  505  475  452  439  427  407  378  352  334  321
  309  297  282  262  237  212  196  195  218
    22.5-180.0 180.0   5.0 450.0                            LAT/LON1/LON2/DLON/H
  232  276  327  370  400  421  448  488  541  596  645  687  724  759  784  799
  802  802  801  803  805  804  805  811  824  845  872  905  942  984 1023 1049
 1056 1038  992  921  835  752  687  641  607  574  543  521  516  527  548  574
  598  618  628  628  619  601  572  537  509  494  479  452  416  383  360  344
  329  316  299  275  248  222  204  206  232
    20.0-180.0 180.0   5.0 450.0                            LAT/LON1/LON2/DLON/H
  253  300  354  399  431  454  482  523  576  632  681  720  755  785  805  812
  809  804  803  806  811  817  830  847  872  902  934  969 1008 1047 1082 1103
 1102 1076 1018  930  826  730  654  603  567  533  505  493  501  531  569  610
  643  665  671  666  651  628  598  563  535  518  501  472  434  401  376  358
  344  330  313  290  262  236  220  226  253
    17.5-180.0 180.0   5.0 450.0                            LAT/LON1/LON2/DLON/H
  282  331  387  435  470  499  532  577  630  682  727  763  793  818  832  834
  827  818  815  821  831  849  872  903  937  971 1002 1033 1066 1097 1120 1130
 1120 1085 1016  915  797  687  604  550  513  481  456  450  470  511  561  607
  641  659  661  650  634  612  585  557  535  518  500  471  436  405  381  365
  352  340  326  305  280  256  244  251  282
    15.0-180.0 180.0   5.0 450.0                            LAT/LON1/LON2/DLON/H
  317  367  424  476  515  550  592  641  696  745  783  812  836  856  867  865
  855  845  843  851  867  894  929  968 1007 1041 1067 1088 1108 1127 1135 1130
 1111 1068  993  885  759  641  554  500  467  436  412  409  432  477  525  568
  599  614  613  601  586  569  550  532  517  503  483  458  427  401  381  366
  354  346  336  322  300  280  272  284  317
    12.5-180.0 180.0   5.0 450.0                            LAT/LON1/LON2/DLON/H
  354  405  462  517  562  605  654  710  766  812  842  864  881  898  907  904
  893  884  884  894  915  948  990 1035 1073 1101 1117 1125 1132 1135 1126 1105
 1079 1035  961  854  729  610  523  473  444  416  389  382  400  437  480  516
  542  555  554  543  530  519  509  502  496  484  465  440  417  396  379  365
  356  351  345  336  321  306  303  318  354
    10.0-180.0 180.0   5.0 450.0                            LAT/LON1/LON2/DLON/H
  390  440  499  556  606  656  712  773  830  873  898  913  926  941  950  949
  941  934  937  949  972 1005 1048 1091 1124 1141 1143 1139 1133 1121 1097 1066
 1036  998  933  835  720  608  526  482  459  431  400  383  389  414  446  475
  497  509  510  501  491  485  484  486  485  475  454  431  412  396  380  367
  359  356  355  349  339  330  332  352  390
     7.5-180.0 180.0   5.0 450.0                            LAT/LON1/LON2/DLON/H
  420  473  532  590  645  700  760  824  881  923  945  956  968  982  993  995
  991  991  996 1010 1030 1060 1096 1130 1152 1156 1146 1131 1117 1096 1063 1026
  998  970  921  841  741  642  568  531  511  482  445  416  409  420  442  465
  486  501  505  499  489  482  482  488  491  479  454  431  415  402  387  373
  363  361  361  359  351  346  354  379  420
     5.0-180.0 180.0   5.0 450.0                            LAT/LON1/LON2/DLON/H
  442  498  558  619  676  734  796  860  916  957  980  992 1004 1019 1032 1037
 1039 1044 1055 1067 1084 1106 1132 1154 1163 1154 1133 1111 1094 1071 1034  997
  976  962  932  873  794  708  641  607  588  557  516  479  461  465  481  503
  525  541  545  535  518  504  499  504  506  491  462  438  424  412  395  379
  369  366  365  363  356  353  365  396  442
     2.5-180.0 180.0   5.0 450.0                            LAT/LON1/LON2/DLON/H
  454  514  578  642  700  759  820  880  935  977 1003 1020 1034 1051 1065 1073
 1080 1091 1104 1116 1127 1140 1155 1165 1162 1143 1114 1092 1076 1057 1024  993
  980  978  965  925  861  787  725  691  673  644  602  564  546  547  561  579
  598  611  609  591  564  539  524  523  521  502  472  446  433  420  403  384
  373  369  367  362  353  351  366  402  454
