Assets/GIM/IGS0OPSRAP_20243010000_01D_02H_GIM.INX
     1.0            IONOSPHERE MAPS     MIX                 IONEX VERSION / TYPE
tecrms2ionex_2.awk  SRRC/UWM           10/29/24  510UT      PGM / RUN BY / DATE
Global ionosphere maps for day 301, 2024 (27-10-2024)       DESCRIPTION
IONEX file containing the COMBINED IGS Ionosphere maps      DESCRIPTION
from the combination of all available IAACS                 DESCRIPTION
Contact address: Andrzej Krankowski                         DESCRIPTION
                 Space Radio-Diagnostics Research Centre    DESCRIPTION
                 University of Warmia and Mazury (SRRC/UWM) DESCRIPTION
                 Oczapowski St. 1                           DESCRIPTION
                 10-957-Olsztyn, POLAND                     DESCRIPTION
                 e-mail:  kand@uwm.edu.pl                   DESCRIPTION
                                                            DESCRIPTION
  2024    10    27     0     0     0                        EPOCH OF FIRST MAP
  2024    10    28     0     0     0                        EPOCH OF LAST MAP
  7200                                                      INTERVAL
    13                                                      # OF MAPS IN FILE
  COSZ                                                      MAPPING FUNCTION
     0.0                                                    ELEVATION CUTOFF
Combined TEC calculated as weighted mean of input TEC valuesOBSERVABLES USED
   250                                                      # OF STATIONS
    31                                                      # OF SATELLITES
  6371.0                                                    BASE RADIUS
     2                                                      MAP DIMENSION
   450.0 450.0   0.0                                        HGT1 / HGT2 / DHGT
    87.5 -87.5  -2.5                                        LAT1 / LAT2 / DLAT
  -180.0 180.0   5.0                                        LON1 / LON2 / DLON
    -1                                                      EXPONENT
TEC values in  0.1 TECUs; 9999 if no value available        COMMENT
DCB values in nanoseconds, reference is Sum_of_SatDCBs = 0  COMMENT
                                                            END OF HEADER
[from data line 5148]
    13                                                      START OF TEC MAP
  2024    10    28     0     0     0                        EPOCH OF CURRENT MAP
    87.5-180.0 180.0   5.0 450.0                            LAT/LON1/LON2/DLON/H
  242  245  247  247  249  251  251  252  252  252  252  250  249  248  246  243
  241  238  235  231  228  224  220  216  212  207  203  199  195  191  186  183
  179  176  173  171  169  167  165  164  163  163  163  164  165  166  167  169
  171  173  176  178  180  184  186  189  193  195  198  202  205  209  212  216
  218  221  224  228  231  234  237  240  242
    85.0-180.0 180.0   5.0 450.0                            LAT/LON1/LON2/DLON/H
  272  277  282  286  289  292  294  296  296  296  294  293  290  287  284  279
  274  269  263  257  250  244  236  228  220  212  203  195  186  178  169  162
  155  148  142  137  133  130  127  126  126  126  128  130  133  136  140  145
  150  154  159  164  169  174  179  184  189  193  199  204  208  213  218  223
  228  234  239  245  250  256  262  268  272
    82.5-180.0 180.0   5.0 450.0                            LAT/LON1/LON2/DLON/H
  300  307  314  320  325  330  332  334  334  332  330  326  321  316  310  304
  298  291  284  277  269  260  251  242  231  221  209  197  185  173  161  149
  138  129  120  112  107  103  100  100  100  103  106  111  116  122  129  136
  144  151  158  165  172  178  185  190  196  201  206  211  216  221  227  233
  239  245  253  259  267  275  284  292  300
    80.0-180.0 180.0   5.0 450.0                            LAT/LON1/LON2/DLON/H
  324  334  343  352  358  363  366  366  365  360  355  347  339  330  321  313
  304  296  289  283  277  271  263  255  245  234  222  209  194  179  165  149
  136  123  112  103   97   93   90   90   92   96  102  108  116  125  134  143
  152  162  170  178  186  193  199  205  210  215  220  225  229  234  240  245
  251  258  266  274  284  293  304  314  324
    77.5-180.0 180.0   5.0 450.0                            LAT/LON1/LON2/DLON/H
  349  361  372  382  390  395  398  396  392  383  372  359  344  330  316  304
  293  285  280  276  273  272  269  265  260  251  240  227  212  196  179  162
  146  132  120  111  104  100   98   99  102  107  113  121  130  140  150  161
  172  181  190  199  206  212  218  224  228  233  238  242  247  252  257  263
  269  276  284  293  303  313  325  337  349
    75.0-180.0 180.0   5.0 450.0                            LAT/LON1/LON2/DLON/H
  374  387  400  411  421  427  429  426  419  405  388  368  345  323  302  284
  271  262  257  257  259  264  268  271  271  265  258  247  233  217  200  183
  166  151  141  131  125  121  120  121  124  129  135  143  153  163  173  184
  193  202  211  218  224  230  234  240  245  250  256  261  268  274  281  287
  294  301  310  318  328  338  349  361  374
    72.5-180.0 180.0   5.0 450.0                            LAT/LON1/LON2/DLON/H
  399  412  426  439  450  457  460  457  447  430  407  379  348  317  287  263
  244  234  230  233  240  249  259  268  273  273  269  261  249  234  218  203
  188  175  165  157  152  149  147  148  150  155  160  167  175  185  194  203
  212  219  225  230  234  239  242  247  253  260  268  277  287  297  306  315
  324  333  341  349  358  367  377  387  399
    70.0-180.0 180.0   5.0 450.0                            LAT/LON1/LON2/DLON/H
  423  435  447  460  473  482  488  487  477  459  432  398  359  319  281  248
  224  210  205  209  218  231  244  257  265  269  268  262  252  240  227  214
  203  193  185  179  175  172  171  171  172  175  180  185  192  200  207  215
  221  226  230  232  234  235  238  244  251  261  274  288  303  318  332  345
  358  369  378  386  393  399  406  414  423
    67.5-180.0 180.0   5.0 450.0                            LAT/LON1/LON2/DLON/H
  448  455  465  476  489  501  509  511  505  488  460  424  381  333  287  248
  218  198  191  192  199  211  224  236  246  251  251  248  240  231  222  213
  205  200  195  191  189  187  185  184  183  185  188  192  199  205  211  216
  221  223  223  222  221  220  222  228  239  253  271  292  313  335  355  374
  391  405  416  425  432  435  439  443  448
    65.0-180.0 180.0   5.0 450.0                            LAT/LON1/LON2/DLON/H
  475  477  481  489  500  512  522  528  526  515  491  455  410  359  308  263
  227  203  190  185  187  194  201  209  217  220  222  219  215  209  204  200
  196  194  192  190  189  186  183  182  181  181  184  187  192  198  203  207
  210  209  206  202  197  195  198  205  218  238  261  288  318  346  373  398
  421  440  455  466  473  476  475  475  475
    62.5-180.0 180.0   5.0 450.0                            LAT/LON1/LON2/DLON/H
  508  505  502  504  510  520  530  539  543  537  520  489  446  395  343  294
  254  222  202  191  184  182  181  182  184  186  187  186  184  182  181  179
  179  179  178  177  175  172  170  168  167  167  169  172  177  182  187  190
  190  188  182  175  168  166  168  178  195  220  251  285  321  355  388  419
  447  471  492  506  516  519  518  514  508
    60.0-180.0 180.0   5.0 450.0                            LAT/LON1/LON2/DLON/H
  553  543  534  529  528  532  540  548  555  555  545  522  485  438  386  335
  290  254  227  206  192  179  169  162  158  156  157  157  158  159  160  160
  160  159  158  157  155  153  151  149  148  149  150  153  157  161  165  168
  168  165  158  150  142  139  143  156  177  209  245  285  327  366  403  438
  470  500  526  546  560  567  567  561  553
    57.5-180.0 180.0   5.0 450.0                            LAT/LON1/LON2/DLON/H
  607  595  581  569  559  554  555  560  568  572  569  553  525  483  434  383
  334  292  258  232  209  189  170  156  147  142  141  143  145  148  149  149
  147  144  141  138  135  133  133  132  132  133  133  135  138  141  145  148
  148  145  139  131  123  121  127  143  169  206  249  294  339  381  420  457
  493  528  558  585  605  616  619  616  607
    55.0-180.0 180.0   5.0 450.0                            LAT/LON1/LON2/DLON/H
  668  656  641  624  608  593  584  582  586  591  592  583  561  525  480  428
  377  331  294  264  237  212  188  168  155  148  146  148  150  152  151  148
  143  136  131  127  123  123  123  124  125  126  125  125  125  127  131  134
  136  134  129  123  117  116  124  144  175  216  264  314  360  402  441  478
  515  552  588  620  645  663  672  673  668
    52.5-180.0 180.0   5.0 450.0                            LAT/LON1/LON2/DLON/H
  727  719  706  688  666  644  626  613  610  612  615  610  594  563  520  469
  415  367  328  298  271  245  220  198  183  174  170  169  169  168  163  156
  147  139  131  126  124  125  126  129  129  129  127  125  123  123  126  130
  133  133  131  127  123  125  136  157  193  239  291  342  389  429  466  501
  538  576  614  650  681  705  720  727  727
    50.0-180.0 180.0   5.0 450.0                            LAT/LON1/LON2/DLON/H
  776  775  767  750  728  701  675  653  641  638  639  635  622  594  554  502
  447  398  361  333  309  285  260  238  222  211  204  198  194  187  179  168
  157  148  140  137  137  139  141  143  143  141  139  134  131  130  131  135
  140  142  142  141  140  144  156  180  218  267  323  375  420  458  491  524
  559  596  636  674  708  735  756  770  776
    47.5-180.0 180.0   5.0 450.0                            LAT/LON1/LON2/DLON/H
  807  812  810  800  782  754  723  695  676  666  663  659  646  621  580  528
  473  424  389  365  344  323  302  280  263  249  237  226  215  202  190  177
  167  159  155  155  157  161  163  164  163  160  156  151  146  144  144  147
  152  156  158  159  161  167  181  206  246  299  356  408  451  486  516  545
  578  614  654  691  725  755  778  796  807
    45.0-180.0 180.0   5.0 450.0                            LAT/LON1/LON2/DLON/H
  818  827  832  829  817  794  765  734  711  697  690  683  670  643  604  552
  496  447  414  393  376  358  338  317  297  279  262  244  225  207  193  182
  175  171  172  176  180  184  185  185  182  178  175  170  165  161  159  162
  167  171  175  179  183  189  205  232  274  328  385  437  479  510  536  564
  594  630  667  702  734  763  786  805  818
    42.5-180.0 180.0   5.0 450.0                            LAT/LON1/LON2/DLON/H
  812  823  831  836  833  817  793  766  742  727  718  708  693  666  627  575
  520  471  437  415  400  384  365  343  319  297  274  250  226  206  192  186
  184  186  191  196  201  204  204  201  197  194  190  187  182  177  175  175
  180  186  191  195  199  207  223  253  297  352  409  460  499  528  552  577
  608  642  677  709  738  762  783  799  812
    40.0-180.0 180.0   5.0 450.0                            LAT/LON1/LON2/DLON/H
  795  804  815  825  829  824  809  789  770  755  745  734  718  693  654  603
  547  496  460  436  418  402  382  358  332  305  280  253  228  209  200  198
  202  206  211  216  219  219  216  211  206  204  202  199  195  189  185  185
  190  196  201  204  209  218  236  268  315  370  428  477  514  543  566  592
  622  655  688  716  740  759  773  785  795
    37.5-180.0 180.0   5.0 450.0                            LAT/LON1/LON2/DLON/H
  776  783  792  805  815  819  814  803  791  779  770  758  744  721  686  636
  579  525  483  453  432  413  392  367  341  315  290  266  243  229  227  230
  236  238  239  238  235  229  222  215  211  209  209  207  202  194  189  190
  195  202  207  209  212  222  243  279  327  385  441  489  527  556  581  609
  641  675  705  729  747  759  767  772  776
    35.0-180.0 180.0   5.0 450.0                            LAT/LON1/LON2/DLON/H
  767  770  776  787  800  810  813  812  805  797  789  779  767  748  718  671
  613  555  506  467  439  418  399  378  356  336  318  300  285  279  283  291
  293  287  276  263  250  239  228  219  215  214  214  212  205  196  190  191
  197  205  209  209  211  221  245  285  338  395  451  500  539  571  602  635
  670  704  732  752  766  770  771  768  767
    32.5-180.0 180.0   5.0 450.0                            LAT/LON1/LON2/DLON/H
  780  778  779  785  795  806  814  817  815  810  803  795  786  773  747  705
  648  585  525  477  444  422  406  395  384  378  374  368  361  361  370  377
  371  351  322  295  271  251  236  226  221  220  219  216  207  197  190  190
  198  205  207  204  205  216  243  288  345  404  461  510  553  592  631  671
  713  748  774  792  800  801  795  787  780
    30.0-180.0 180.0   5.0 450.0                            LAT/LON1/LON2/DLON/H
  823  816  810  809  811  817  822  824  822  816  809  802  796  788  769  732
  676  610  541  486  448  428  423  424  433  446  458  463  462  465  476  478
  462  425  378  333  297  270  251  239  233  231  229  223  212  200  193  192
  197  202  202  196  195  207  238  289  350  413  470  522  570  618  669  720
  768  807  833  848  855  853  843  832  823
    27.5-180.0 180.0   5.0 450.0                            LAT/LON1/LON2/DLON/H
  895  886  874  864  853  846  843  838  830  821  810  803  799  795  782  749
  696  627  554  494  457  444  451  472  501  533  560  573  572  574  581  578
  552  502  438  376  329  295  272  258  250  246  241  233  220  208  199  196
  197  198  193  184  182  196  233  289  355  421  479  535  590  649  713  776
  832  874  902  919  927  925  915  904  895
    25.0-180.0 180.0   5.0 450.0                            LAT/LON1/LON2/DLON/H
  992  984  970  948  923  899  882  866  849  831  813  801  796  795  785  757
  707  639  567  508  478  476  498  538  586  632  667  679  672  666  666  658
  627  568  493  419  362  323  298  282  272  263  256  246  233  220  209  201
  198  192  182  171  170  187  229  291  361  429  490  550  612  682  757  831
  894  941  972  993 1004 1008 1003  997  992
    22.5-180.0 180.0   5.0 450.0                            LAT/LON1/LON2/DLON/H
 1097 1098 1086 1058 1015  974  939  910  881  853  827  807  798  793  782  757
  711  649  583  533  513  526  566  621  680  730  760  760  738  719  711  701
  672  616  537  455  391  350  324  307  294  282  270  259  247  234  220  208
  197  185  171  160  160  181  228  295  369  438  502  566  636  715  799  879
  948  998 1034 1058 1076 1086 1090 1092 1097
    20.0-180.0 180.0   5.0 450.0                            LAT/LON1/LON2/DLON/H
 1192 1205 1203 1174 1120 1062 1013  973  935  896  859  829  811  799  785  759
  718  664  610  574  569  598  651  715  774  813  824  801  760  725  710  704
  684  636  559  476  411  368  344  328  313  298  284  271  261  248  232  214
  197  180  163  152  155  181  233  303  379  449  516  586  662  746  833  915
  984 1037 1076 1106 1130 1148 1161 1174 1192
    17.5-180.0 180.0   5.0 450.0                            LAT/LON1/LON2/DLON/H
 1257 1285 1296 1273 1215 1148 1094 1052 1011  964  916  873  843  823  803  776
  738  694  654  631  639  679  739  802  849  866  848  797  733  686  668  667
  659  624  557  478  414  375  355  342  329  312  294  282  273  260  241  220
  198  178  161  150  157  187  242  314  390  462  531  605  688  775  859  937
 1003 1055 1096 1129 1158 1183 1204 1227 1257
    15.0-180.0 180.0   5.0 450.0                            LAT/LON1/LON2/DLON/H
 1280 1322 1348 1335 1282 1218 1169 1134 1099 1053  998  944  900  869  842  814
  780  746  718  705  718  759  815  867  891  877  825  746  663  609  592  600
  605  583  527  459  404  373  359  352  342  323  304  291  282  268  248  224
  201  181  163  155  163  198  256  328  403  476  548  626  712  798  878  948
 1007 1057 1097 1131 1161 1188 1212 1241 1280
    12.5-180.0 180.0   5.0 450.0                            LAT/LON1/LON2/DLON/H
 1263 1311 1348 1349 1310 1259 1225 1206 1183 1145 1090 1030  978  939  906  876
  848  823  802  788  795  825  865  894  890  841  756  655  564  510  502  519
  534  524  483  430  387  366  360  359  351  334  314  300  289  274  253  228
  206  187  172  165  176  214  273  344  418  491  565  646  732  816  889  951
 1003 1048 1087 1119 1148 1172 1195 1223 1263
    10.0-180.0 180.0   5.0 450.0                            LAT/LON1/LON2/DLON/H
 1223 1266 1304 1316 1295 1266 1253 1254 1249 1223 1174 1113 1060 1019  986  958
  937  919  900  876  863  867  878  876  838  758  650  538  451  411  417  446
  470  468  440  402  373  362  364  368  363  345  325  310  296  278  256  234
  214  198  185  179  193  231  290  360  433  506  581  664  750  829  896  950
  996 1037 1072 1103 1128 1150 1167 1189 1223
     7.5-180.0 180.0   5.0 450.0                            LAT/LON1/LON2/DLON/H
 1180 1212 1244 1258 1252 1244 1252 1271 1283 1271 1232 1179 1130 1093 1063 1041
 1028 1019  997  956  911  878  853  817  750  646  526  419  351  334  361  403
  432  435  416  391  375  373  379  384  377  359  338  320  302  282  261  241
  225  212  201  196  210  249  308  376  447  520  596  678  761  836  898  948
  989 1028 1062 1090 1114 1132 1144 1158 1180
     5.0-180.0 180.0   5.0 450.0                            LAT/LON1/LON2/DLON/H
 1156 1173 1192 1205 1209 1215 1234 1261 1280 1279 1253 1212 1174 1145 1122 1107
 1102 1100 1073 1011  932  859  798  733  644  531  415  326  288  302  352  407
  440  442  427  410  400  400  405  404  391  371  350  329  308  286  266  250
  236  226  216  212  226  265  324  391  461  532  608  688  767  837  896  943
  984 1020 1055 1085 1110 1128 1139 1144 1156
     2.5-180.0 180.0   5.0 450.0                            LAT/LON1/LON2/DLON/H
 1162 1168 1175 1181 1189 1200 1219 1241 1254 1254 1235 1208 1183 1164 1149 1140
 1144 1146 1113 1031  920  813  724  642  548  440  341  282  280  329  402  467
  499  497  478  458  444  439  436  426  406  382  358  336  312  290  273  259
  248  238  229  225  239  278  336  402  471  541  615  691  765  831  887  935
  975 1012 1049 1082 1112 1136 1151 1158 1162
