Assets/GIM/IGS0OPSRAP_20243010000_01D_02H_GIM.INX
     1.0            IONOSPHERE MAPS     MIX                 IONEX VERSION / TYPE
tecrms2ionex_2.awk  SRRC/UWM           10/29/24  510UT      PGM / RUN BY / DATE
Global ionosphere maps for day 301, 2024 (27-10-2024)       DESCRIPTION
IONEX file containing the COMBINED IGS Ionosphere maps      DESCRIPTION
from the combination of all available IAACS                 DESCRIPTION
Contact address: Andrzej Krankowski                         DESCRIPTION
                 Space Radio-Diagnostics Research Centre    DESCRIPTION
                 University of Warmia and Mazury (SRRC/UWM) DESCRIPTION
                 Oczapowski St. 1                           DESCRIPTION
                 10-957-Olsztyn, POLAND                     DESCRIPTION
                 e-mail:  kand@uwm.edu.pl                   DESCRIPTION
                                                            DESCRIPTION
  2024    10    27     0     0     0                        EPOCH OF FIRST MAP
  2024    10    28     0     0     0                        EPOCH OF LAST MAP
  7200                                                      INTERVAL
    13                                                      # OF MAPS IN FILE
  COSZ                                                      MAPPING FUNCTION
     0.0                                                    ELEVATION CUTOFF
Combined TEC calculated as weighted mean of input TEC valuesOBSERVABLES USED
   250                                                      # OF STATIONS
    31                                                      # OF SATELLITES
  6371.0                                                    BASE RADIUS
     2                                                      MAP DIMENSION
   450.0 450.0   0.0                                        HGT1 / HGT2 / DHGT
    87.5 -87.5  -2.5                                        LAT1 / LAT2 / DLAT
  -180.0 180.0   5.0                                        LON1 / LON2 / DLON
    -1                                                      EXPONENT
TEC values in  0.1 TECUs; 9999 if no value available        COMMENT
DCB values in nanoseconds, reference is Sum_of_SatDCBs = 0  COMMENT
                                                            END OF HEADER
[from data line 4719]
    12                                                      START OF TEC MAP
  2024    10    27    22     0     0                        EPOCH OF CURRENT MAP
    87.5-180.0 180.0   5.0 450.0                            LAT/LON1/LON2/DLON/H
  186  190  193  196  199  202  205  207  209  211  213  215  216  216  217  217
  217  217  216  214  213  211  209  207  204  201  199  196  193  189  186  182
  179  175  172  169  165  162  159  156  153  150  148  145  143  141  139  139
  138  137  137  137  137  138  138  139  141  142  145  146  149  152  154  157
  160  164  167  170  173  177  180  183  186
    85.0-180.0 180.0   5.0 450.0                            LAT/LON1/LON2/DLON/H
  206  212  218  224  230  236  242  246  251  256  259  263  265  267  268  269
  268  267  265  263  260  257  253  250  245  240  235  230  225  219  214  208
  202  196  189  184  177  171  165  160  155  149  144  140  136  132  129  126
  125  122  122  121  122  122  124  126  129  132  136  139  144  148  153  157
  162  168  173  178  184  189  195  200  206
    82.5-180.0 180.0   5.0 450.0                            LAT/LON1/LON2/DLON/H
  223  230  238  247  256  265  274  282  291  298  304  309  313  315  316  315
  314  312  309  305  300  297  292  287  282  277  273  267  261  256  249  242
  234  227  219  211  203  195  188  181  174  167  160  154  148  143  138  134
  130  127  125  125  124  125  127  130  133  137  142  147  152  157  164  169
  175  180  186  191  197  203  210  216  223
    80.0-180.0 180.0   5.0 450.0                            LAT/LON1/LON2/DLON/H
  236  243  253  263  275  287  300  312  324  335  343  350  353  355  354  351
  347  342  336  330  324  319  315  310  308  304  302  298  294  289  283  277
  270  262  253  245  237  229  220  212  204  196  189  181  174  167  162  156
  151  147  144  142  141  141  143  146  149  154  159  165  171  177  182  187
  193  198  202  207  211  217  222  228  236
    77.5-180.0 180.0   5.0 450.0                            LAT/LON1/LON2/DLON/H
  245  252  262  274  288  304  320  336  351  365  376  383  385  384  380  372
  362  351  341  331  323  317  314  312  313  313  314  314  313  310  307  302
  295  289  282  274  266  259  251  244  237  229  221  214  206  199  192  185
  179  174  170  167  166  165  167  169  173  178  182  189  194  200  205  210
  214  218  222  225  228  231  234  239  245
    75.0-180.0 180.0   5.0 450.0                            LAT/LON1/LON2/DLON/H
  257  263  273  285  300  318  337  356  375  391  403  410  411  405  395  379
  360  342  324  309  298  291  290  291  296  302  308  313  315  314  312  309
  304  299  293  288  283  278  272  267  261  255  248  242  235  228  221  214
  207  201  197  193  191  190  191  193  196  200  205  210  215  221  225  230
  235  239  242  245  247  249  251  253  257
    72.5-180.0 180.0   5.0 450.0                            LAT/LON1/LON2/DLON/H
  277  280  287  298  313  332  353  375  397  415  429  436  435  423  404  379
  350  321  295  275  261  253  253  256  263  273  284  294  299  301  300  296
  291  286  283  280  278  277  275  273  269  265  261  256  251  245  239  233
  227  222  217  212  210  208  208  210  211  215  218  222  227  232  238  243
  249  255  261  267  270  273  273  275  277
    70.0-180.0 180.0   5.0 450.0                            LAT/LON1/LON2/DLON/H
  305  307  311  319  331  349  370  395  419  442  457  464  460  443  416  380
  342  304  271  244  226  217  215  219  226  236  248  260  268  271  269  264
  259  255  253  253  255  258  260  260  259  257  254  252  250  247  244  239
  234  229  224  220  217  215  215  215  216  217  219  221  226  231  237  245
  255  266  277  287  294  299  303  304  305
    67.5-180.0 180.0   5.0 450.0                            LAT/LON1/LON2/DLON/H
  340  341  342  347  357  371  391  417  443  467  486  493  487  467  434  392
  346  301  261  230  207  195  191  192  195  201  209  218  225  228  226  222
  218  214  213  215  220  224  228  231  231  231  231  231  232  233  232  230
  227  222  218  214  211  209  208  207  206  206  206  207  209  215  224  235
  250  268  286  303  318  329  336  338  340
    65.0-180.0 180.0   5.0 450.0                            LAT/LON1/LON2/DLON/H
  379  380  379  381  387  397  415  438  464  491  512  522  518  497  462  417
  367  320  277  241  216  201  192  186  180  176  175  178  182  184  183  180
  176  174  175  178  183  188  191  193  195  196  198  200  204  208  210  210
  208  204  200  196  193  190  188  187  184  182  180  179  181  186  198  214
  236  262  289  316  339  357  369  377  379
    62.5-180.0 180.0   5.0 450.0                            LAT/LON1/LON2/DLON/H
  419  422  421  419  421  428  440  459  484  511  535  549  549  532  499  455
  405  357  313  276  250  232  218  203  185  168  157  151  149  149  149  147
  146  146  147  151  155  157  159  160  160  161  164  168  174  179  183  184
  182  178  174  170  167  165  164  161  158  154  149  146  148  154  168  189
  217  251  287  323  355  382  401  413  419
    60.0-180.0 180.0   5.0 450.0                            LAT/LON1/LON2/DLON/H
  458  463  464  462  461  463  470  484  505  530  555  573  579  568  540  499
  453  406  363  328  301  281  262  238  209  179  156  141  134  132  133  134
  135  138  140  141  141  140  138  136  135  136  138  144  150  155  158  159
  157  153  150  146  144  142  141  139  135  129  123  118  119  126  142  168
  202  243  288  331  370  403  429  447  458
    57.5-180.0 180.0   5.0 450.0                            LAT/LON1/LON2/DLON/H
  494  505  509  509  506  505  507  515  530  552  576  597  609  605  582  546
  502  458  416  382  358  338  316  286  249  209  176  154  143  140  141  143
  145  147  147  145  142  138  132  128  126  126  129  133  137  140  142  141
  139  135  132  129  128  127  127  125  121  115  108  102  102  110  128  157
  197  243  294  342  386  423  454  477  494
    55.0-180.0 180.0   5.0 450.0                            LAT/LON1/LON2/DLON/H
  528  545  555  560  560  557  556  557  565  580  602  624  638  638  620  588
  546  503  462  430  409  392  371  338  296  252  214  189  176  170  169  169
  169  168  164  160  153  146  140  134  132  132  133  136  138  138  136  134
  131  128  126  125  125  126  127  126  123  116  109  103  103  111  131  163
  206  257  310  361  406  445  478  506  528
    52.5-180.0 180.0   5.0 450.0                            LAT/LON1/LON2/DLON/H
  560  583  601  613  618  618  616  613  614  622  637  655  669  670  654  623
  582  538  497  467  449  436  419  388  346  301  263  237  222  214  208  203
  197  190  183  175  167  160  154  150  148  148  148  149  147  145  142  138
  135  134  133  134  136  138  140  140  138  132  124  119  120  129  151  185
  231  284  337  387  430  469  502  533  560
    50.0-180.0 180.0   5.0 450.0                            LAT/LON1/LON2/DLON/H
  591  620  644  664  678  684  683  679  675  675  680  691  701  700  684  653
  609  563  522  492  478  470  458  431  391  348  312  287  270  257  245  232
  219  206  194  184  178  173  171  169  168  167  167  165  163  159  155  151
  149  148  150  152  155  158  161  162  160  155  149  145  147  159  183  220
  267  321  373  420  460  495  527  559  591
    47.5-180.0 180.0   5.0 450.0                            LAT/LON1/LON2/DLON/H
  619  651  682  709  730  744  749  747  740  734  730  731  734  731  713  679
  634  585  541  512  499  495  487  463  427  388  354  329  309  290  269  248
  227  209  195  188  184  184  185  185  184  184  183  181  178  174  169  167
  166  167  170  173  176  180  184  185  185  181  177  175  178  194  220  260
  309  363  413  456  491  522  554  586  619
    45.0-180.0 180.0   5.0 450.0                            LAT/LON1/LON2/DLON/H
  642  677  711  742  770  791  803  806  801  791  779  771  767  760  741  706
  658  607  562  532  520  516  509  486  451  413  382  355  330  304  277  250
  225  205  194  189  191  194  196  195  194  193  192  191  188  185  182  181
  182  184  187  190  194  199  203  206  207  204  201  201  209  227  258  300
  351  404  451  489  520  548  577  608  642
    42.5-180.0 180.0   5.0 450.0                            LAT/LON1/LON2/DLON/H
  661  695  728  761  791  817  836  847  847  837  822  809  800  790  770  734
  685  634  590  558  544  538  526  500  463  425  392  364  336  306  276  249
  225  209  201  201  206  209  207  202  198  196  196  196  196  194  191  190
  191  194  196  200  204  209  215  219  221  220  219  221  233  256  291  336
  388  439  484  518  545  570  597  628  661
    40.0-180.0 180.0   5.0 450.0                            LAT/LON1/LON2/DLON/H
  675  705  736  766  795  823  847  865  871  865  852  837  828  818  798  763
  716  666  623  592  574  561  541  509  467  428  395  367  338  308  281  259
  242  232  229  233  236  235  225  212  202  197  198  199  200  198  196  194
  194  196  199  203  207  213  220  226  229  229  229  234  250  278  318  366
  418  468  509  540  564  587  613  643  675
    37.5-180.0 180.0   5.0 450.0                            LAT/LON1/LON2/DLON/H
  683  710  735  760  786  811  838  860  873  874  866  856  848  841  824  790
  747  701  661  631  608  585  556  515  469  428  398  373  348  326  309  298
  293  290  289  291  288  276  255  231  212  204  203  205  205  203  199  196
  194  195  198  201  206  212  220  228  232  231  232  240  261  295  340  391
  444  491  529  557  579  601  626  654  683
    35.0-180.0 180.0   5.0 450.0                            LAT/LON1/LON2/DLON/H
  692  712  731  749  769  791  816  840  857  866  865  862  860  856  843  814
  776  735  699  668  640  609  569  521  472  434  410  394  382  374  374  380
  384  383  379  372  358  334  299  263  235  221  218  218  217  213  206  200
  196  195  197  200  203  210  218  225  229  229  231  242  268  309  359  413
  465  509  546  572  594  615  640  666  692
    32.5-180.0 180.0   5.0 450.0                            LAT/LON1/LON2/DLON/H
  704  719  730  743  755  772  792  814  834  847  855  860  863  864  855  831
  798  763  730  698  665  627  579  527  480  451  440  440  446  457  475  495
  504  500  485  463  436  399  354  307  272  251  243  240  238  230  221  211
  204  201  201  201  203  206  213  220  222  222  225  241  273  321  377  434
  485  528  561  588  612  636  660  684  704
    30.0-180.0 180.0   5.0 450.0                            LAT/LON1/LON2/DLON/H
  727  736  742  748  755  765  778  795  811  828  841  852  861  866  860  841
  814  783  752  720  682  637  585  534  495  479  485  505  531  562  595  624
  633  618  587  549  509  463  412  361  317  289  276  271  266  259  247  233
  222  215  211  208  205  205  207  211  212  212  218  238  277  333  396  455
  505  545  579  608  636  664  690  712  727
    27.5-180.0 180.0   5.0 450.0                            LAT/LON1/LON2/DLON/H
  765  770  773  776  778  780  786  793  804  817  832  847  859  864  860  844
  820  793  764  730  689  641  590  545  518  518  542  582  627  673  715  745
  746  715  664  611  560  511  461  409  362  328  312  304  301  295  284  266
  249  237  228  219  210  204  201  201  200  201  210  235  280  344  413  474
  524  564  599  633  669  704  733  753  765
    25.0-180.0 180.0   5.0 450.0                            LAT/LON1/LON2/DLON/H
  819  824  828  830  829  826  822  820  820  826  837  851  861  865  859  844
  821  795  767  733  693  646  599  565  552  567  606  659  715  768  811  832
  817  766  699  634  579  532  488  441  395  361  343  338  339  338  327  306
  282  263  247  232  216  204  194  190  188  190  202  233  285  354  428  493
  543  583  621  663  707  751  786  808  819
    22.5-180.0 180.0   5.0 450.0                            LAT/LON1/LON2/DLON/H
  885  896  906  911  911  903  891  879  868  862  863  870  875  872  862  843
  820  794  767  736  698  658  622  600  600  626  670  725  781  830  862  866
  833  765  685  615  561  521  486  448  408  378  364  365  374  379  370  346
  315  287  266  244  223  203  190  182  178  183  198  233  289  363  440  507
  558  602  646  695  750  802  844  869  885
    20.0-180.0 180.0   5.0 450.0                            LAT/LON1/LON2/DLON/H
  952  974  994 1010 1015 1007  989  968  945  925  912  907  901  891  873  849
  822  797  770  744  715  686  664  657  666  691  728  772  816  851  864  847
  795  714  629  559  510  479  454  427  399  379  375  384  401  412  406  378
  340  306  280  254  228  205  189  179  175  181  200  237  296  371  448  517
  572  621  671  728  791  851  898  930  952
    17.5-180.0 180.0   5.0 450.0                            LAT/LON1/LON2/DLON/H
 1013 1046 1080 1108 1123 1120 1104 1079 1047 1012  982  960  943  923  898  868
  837  809  785  765  747  733  729  734  745  759  775  793  814  827  818  780
  711  624  540  477  438  417  403  391  377  372  379  396  418  433  427  397
  355  317  286  259  233  210  193  183  180  187  207  246  305  377  454  523
  582  638  696  759  826  891  943  982 1013
    15.0-180.0 180.0   5.0 450.0                            LAT/LON1/LON2/DLON/H
 1058 1102 1148 1189 1215 1222 1213 1191 1157 1111 1063 1025  996  969  938  903
  868  838  817  804  798  800  811  824  828  822  804  787  776  764  732  675
  596  510  438  390  365  355  354  354  356  365  381  402  425  440  433  402
  360  320  289  263  238  218  203  193  191  200  221  260  316  385  459  529
  593  655  719  787  854  918  973 1017 1058
    12.5-180.0 180.0   5.0 450.0                            LAT/LON1/LON2/DLON/H
 1082 1131 1185 1236 1274 1293 1295 1283 1252 1202 1141 1090 1055 1026  993  956
  918  886  868  861  866  881  902  915  907  868  809  750  705  667  618  550
  471  398  346  322  315  320  328  337  349  367  389  407  424  435  426  396
  357  320  290  266  247  231  218  211  210  218  240  277  332  396  466  535
  603  671  741  808  872  933  988 1036 1082
    10.0-180.0 180.0   5.0 450.0                            LAT/LON1/LON2/DLON/H
 1089 1138 1190 1242 1287 1321 1339 1339 1317 1267 1202 1146 1110 1085 1058 1022
  983  951  935  934  945  966  990  996  964  888  784  683  608  553  498  431
  362  310  289  294  310  327  342  355  370  390  405  416  423  424  412  386
  352  319  292  272  258  247  238  233  232  241  262  299  350  411  477  545
  615  687  758  823  882  937  990 1041 1089
     7.5-180.0 180.0   5.0 450.0                            LAT/LON1/LON2/DLON/H
 1085 1129 1174 1220 1265 1305 1336 1350 1340 1297 1236 1184 1155 1139 1119 1088
 1052 1021 1008 1012 1026 1045 1063 1054  994  878  733  599  503  444  396  344
  295  271  285  322  361  390  406  413  421  430  433  429  423  414  400  376
  348  321  299  284  275  268  261  256  256  264  285  321  371  429  492  559
  629  700  769  830  884  934  986 1038 1085
     5.0-180.0 180.0   5.0 450.0                            LAT/LON1/LON2/DLON/H
 1077 1115 1150 1186 1225 1266 1302 1323 1322 1291 1241 1201 1183 1178 1167 1144
 1111 1084 1075 1082 1094 1107 1113 1085  996  847  670  516  416  367  340  314
  290  298  345  412  469  502  509  500  489  481  467  447  425  407  390  371
  350  328  309  297  292  287  283  278  277  284  304  341  390  447  509  575
  643  711  775  831  880  926  977 1030 1077
     2.5-180.0 180.0   5.0 450.0                            LAT/LON1/LON2/DLON/H
 1071 1108 1133 1158 1188 1225 1260 1280 1282 1260 1226 1200 1194 1199 1195 1177
 1150 1128 1123 1131 1139 1142 1134 1088  978  803  609  452  366  344  353  358
  364  395  464  547  609  635  623  593  559  530  500  465  431  405  386  370
  353  337  321  312  308  303  298  293  290  297  317  355  406  464  525  590
  655  718  774  825  869  914  966 1022 1071
