Assets/GIM/IGS0OPSRAP_20242420000_01D_02H_GIM.INX
     1.0            IONOSPHERE MAPS     MIX                 IONEX VERSION / TYPE
tecrms2ionex_2.awk  SRRC/UWM           08/31/24  508UT      PGM / RUN BY / DATE
Global ionosphere maps for day 242, 2024 (29- 8-2024)       DESCRIPTION
IONEX file containing the COMBINED IGS Ionosphere maps      DESCRIPTION
from the combination of all available IAACS                 DESCRIPTION
Contact address: Andrzej Krankowski                         DESCRIPTION
                 Space Radio-Diagnostics Research Centre    DESCRIPTION
                 University of Warmia and Mazury (SRRC/UWM) DESCRIPTION
                 Oczapowski St. 1                           DESCRIPTION
                 10-957-Olsztyn, POLAND                     DESCRIPTION
                 e-mail:  kand@uwm.edu.pl                   DESCRIPTION
                                                            DESCRIPTION
  2024     8    29     0     0     0                        EPOCH OF FIRST MAP
  2024     8    30     0     0     0                        EPOCH OF LAST MAP
  7200                                                      INTERVAL
    13                                                      # OF MAPS IN FILE
  COSZ                                                      MAPPING FUNCTION
     0.0                                                    ELEVATION CUTOFF
Combined TEC calculated as weighted mean of input TEC valuesOBSERVABLES USED
   255                                                      # OF STATIONS
    31                                                      # OF SATELLITES
  6371.0                                                    BASE RADIUS
     2                                                      MAP DIMENSION
   450.0 450.0   0.0                                        HGT1 / HGT2 / DHGT
    87.5 -87.5  -2.5                                        LAT1 / LAT2 / DLAT
  -180.0 180.0   5.0                                        LON1 / LON2 / DLON
    -1                                                      EXPONENT
TEC values in  0.1 TECUs; 9999 if no value available        COMMENT
DCB values in nanoseconds, reference is Sum_of_SatDCBs = 0  COMMENT
                                                            END OF HEADER
[from data line 4719]
    12                                                      START OF TEC MAP
  2024     8    29    22     0     0                        EPOCH OF CURRENT MAP
    87.5-180.0 180.0   5.0 450.0                            LAT/LON1/LON2/DLON/H
  180  180  181  181  181  182  182  182  182  182  183  183  182  182  182  181
  181  181  180  179  179  178  177  176  175  174  173  172  171  170  169  168
  167  167  166  165  165  165  164  164  164  164  164  164  164  165  165  165
  165  165  166  167  167  167  169  170  171  171  172  173  173  174  175  175
  176  177  177  178  178  179  179  180  180
    85.0-180.0 180.0   5.0 450.0                            LAT/LON1/LON2/DLON/H
  188  188  188  189  190  191  191  191  192  193  193  194  194  195  195  195
  194  193  192  191  189  187  185  182  180  178  175  173  171  168  167  165
  163  162  160  160  159  158  158  157  157  157  157  158  158  159  159  160
  160  161  162  163  164  165  167  169  171  172  174  176  177  178  180  181
  183  184  185  185  186  187  187  187  188
    82.5-180.0 180.0   5.0 450.0                            LAT/LON1/LON2/DLON/H
  196  196  196  197  197  198  199  200  202  204  206  208  209  211  212  212
  212  210  208  206  203  199  196  191  187  183  178  173  170  166  163  160
  158  157  155  154  154  154  154  154  154  154  154  155  155  155  155  156
  157  158  158  161  162  165  166  169  172  175  178  181  183  186  188  190
  192  193  194  195  196  195  196  195  196
    80.0-180.0 180.0   5.0 450.0                            LAT/LON1/LON2/DLON/H
  204  203  203  203  203  204  207  209  212  215  218  222  226  229  231  232
  233  231  229  225  221  215  209  202  195  187  181  174  168  163  159  155
  153  152  152  152  152  152  153  154  155  155  155  155  155  155  155  155
  155  155  156  158  159  163  165  169  173  177  182  186  190  194  197  200
  202  204  205  206  206  206  205  205  204
    77.5-180.0 180.0   5.0 450.0                            LAT/LON1/LON2/DLON/H
  213  212  211  211  210  211  213  217  220  225  230  236  242  247  251  254
  255  254  251  246  240  232  223  214  203  193  183  175  168  161  157  153
  152  151  151  153  153  155  156  157  159  159  159  158  157  156  155  154
  153  153  153  154  156  158  162  167  172  178  183  189  195  200  205  208
  211  214  215  216  216  217  216  214  213
    75.0-180.0 180.0   5.0 450.0                            LAT/LON1/LON2/DLON/H
  223  221  220  218  218  219  220  223  229  234  242  249  257  264  269  274
  276  275  273  268  260  250  239  226  214  201  189  179  170  163  159  156
  154  155  155  158  160  161  163  164  164  163  162  160  158  156  154  151
  150  148  148  149  150  153  158  163  169  176  183  190  197  203  209  214
  218  221  223  224  226  226  225  224  223
    72.5-180.0 180.0   5.0 450.0                            LAT/LON1/LON2/DLON/H
  232  230  229  227  226  226  228  230  236  242  250  258  268  276  284  289
  292  293  290  285  276  266  253  239  226  212  198  188  178  171  167  164
  164  165  167  168  170  171  171  170  169  167  165  161  157  154  151  148
  145  143  142  142  143  146  150  157  163  172  180  188  196  204  210  216
  220  224  227  230  231  232  233  233  232
    70.0-180.0 180.0   5.0 450.0                            LAT/LON1/LON2/DLON/H
  240  239  237  236  235  234  235  237  241  247  255  264  273  283  291  297
  301  302  301  296  289  279  267  254  240  225  212  201  193  187  182  181
  181  182  182  183  183  182  180  176  172  168  162  158  154  149  145  141
  138  136  135  134  136  138  143  149  157  165  175  184  193  201  208  214
  219  224  229  232  235  238  240  240  240
    67.5-180.0 180.0   5.0 450.0                            LAT/LON1/LON2/DLON/H
  247  247  245  244  242  241  241  243  246  251  258  266  275  284  291  297
  302  304  303  301  296  289  280  268  256  243  232  222  215  209  206  204
  204  203  203  200  197  192  186  179  172  165  159  153  147  143  138  135
  131  129  127  127  127  130  134  141  149  159  169  179  189  197  205  211
  216  222  228  232  238  242  245  247  247
    65.0-180.0 180.0   5.0 450.0                            LAT/LON1/LON2/DLON/H
  253  253  252  250  248  247  246  246  248  252  257  265  272  279  287  292
  296  299  299  299  298  294  290  282  273  263  254  246  240  236  233  231
  229  227  224  218  210  201  191  180  170  160  153  146  141  136  133  130
  127  123  122  120  121  122  126  133  142  152  164  175  186  195  203  210
  215  222  228  233  239  245  249  252  253
    62.5-180.0 180.0   5.0 450.0                            LAT/LON1/LON2/DLON/H
  259  259  257  255  253  251  249  248  249  251  255  262  268  274  279  283
  287  290  292  295  296  298  298  295  289  283  277  271  266  262  259  257
  254  250  243  234  222  209  194  180  167  156  148  142  137  133  130  127
  124  121  118  117  116  117  120  126  136  148  161  174  186  196  204  211
  218  224  231  238  245  251  255  258  259
    60.0-180.0 180.0   5.0 450.0                            LAT/LON1/LON2/DLON/H
  267  265  264  261  259  256  253  251  250  251  254  259  264  269  273  275
  277  280  284  289  294  300  304  305  304  302  298  294  290  285  282  279
  275  268  259  247  232  215  197  181  167  157  148  143  139  135  131  127
  124  121  118  116  115  115  118  123  134  147  162  177  190  201  210  218
  225  232  239  246  254  259  264  266  267
    57.5-180.0 180.0   5.0 450.0                            LAT/LON1/LON2/DLON/H
  278  276  274  271  267  264  259  255  253  253  255  259  263  266  269  270
  271  274  277  285  293  301  308  314  316  316  314  311  308  303  299  294
  288  280  269  255  237  219  200  184  171  161  154  149  146  142  137  133
  128  126  122  120  118  118  120  126  136  150  166  183  198  211  221  229
  237  245  253  261  268  273  277  279  278
    55.0-180.0 180.0   5.0 450.0                            LAT/LON1/LON2/DLON/H
  294  291  290  287  283  278  273  268  264  263  263  264  267  269  269  270
  270  272  276  283  292  302  311  319  323  325  326  324  320  314  308  301
  294  285  273  258  240  222  204  189  179  171  166  162  158  153  148  142
  138  133  131  129  127  126  128  133  142  156  174  193  209  223  236  245
  255  263  272  281  287  291  295  295  294
    52.5-180.0 180.0   5.0 450.0                            LAT/LON1/LON2/DLON/H
  315  314  313  311  307  302  296  290  285  281  278  277  276  276  275  273
  273  274  277  283  292  303  311  320  326  330  331  330  326  319  310  301
  292  282  271  257  240  224  208  197  188  183  180  176  172  167  161  155
  149  145  142  141  140  140  141  145  153  167  185  204  223  239  253  265
  276  286  297  304  310  314  315  316  315
    50.0-180.0 180.0   5.0 450.0                            LAT/LON1/LON2/DLON/H
  341  343  345  345  342  337  331  323  316  310  304  299  294  290  286  282
  280  279  281  286  294  303  312  320  327  333  335  334  328  318  307  295
  284  274  263  251  237  224  212  204  199  196  194  191  187  181  174  168
  163  160  158  157  156  156  156  158  166  179  197  218  239  257  272  286
  299  312  323  331  336  338  339  340  341
    47.5-180.0 180.0   5.0 450.0                            LAT/LON1/LON2/DLON/H
  372  379  384  386  384  379  373  367  359  351  340  330  320  310  302  295
  290  287  287  290  297  304  313  321  329  335  338  336  328  315  300  285
  272  262  253  245  235  225  216  211  209  209  207  204  199  193  187  182
  177  175  173  173  173  172  172  173  178  190  208  231  254  275  293  309
  323  337  349  357  361  363  364  367  372
    45.0-180.0 180.0   5.0 450.0                            LAT/LON1/LON2/DLON/H
  405  417  427  432  431  426  421  416  409  399  385  369  352  336  323  311
  303  298  295  297  301  308  316  325  333  340  342  339  327  309  290  274
  261  253  248  243  236  229  223  220  218  219  218  215  210  205  200  195
  192  189  188  188  188  187  186  185  190  200  220  244  270  294  313  330
  346  361  373  382  386  387  389  395  405
    42.5-180.0 180.0   5.0 450.0                            LAT/LON1/LON2/DLON/H
  439  457  471  477  476  471  468  465  460  451  434  414  391  369  349  332
  319  311  306  306  309  315  323  332  341  348  349  343  328  306  285  268
  258  253  252  250  246  241  234  231  229  230  229  226  221  216  211  208
  204  202  200  199  199  199  197  196  198  209  229  256  286  313  334  351
  366  381  394  403  407  409  413  423  439
    40.0-180.0 180.0   5.0 450.0                            LAT/LON1/LON2/DLON/H
  470  494  512  519  516  511  509  511  509  502  485  461  434  406  380  357
  339  327  320  319  321  325  334  344  354  359  359  350  331  308  286  272
  266  268  270  272  269  263  254  247  245  244  243  239  233  229  224  220
  217  213  210  209  209  208  205  203  205  216  238  268  301  329  353  370
  385  398  411  420  424  428  435  449  470
    37.5-180.0 180.0   5.0 450.0                            LAT/LON1/LON2/DLON/H
  499  527  547  553  549  543  544  548  552  548  534  510  479  446  414  386
  363  347  338  335  335  339  348  358  369  373  371  360  341  319  301  292
  293  301  308  311  306  295  283  273  267  266  263  258  252  246  240  235
  229  223  219  216  216  215  213  210  211  223  246  278  314  345  369  386
  399  412  424  433  440  445  455  472  499
    35.0-180.0 180.0   5.0 450.0                            LAT/LON1/LON2/DLON/H
  524  556  577  583  576  569  570  578  587  588  578  556  525  489  452  418
  390  371  359  354  353  355  362  373  384  387  384  373  357  342  332  331
  340  352  360  360  352  337  320  306  298  295  291  284  276  269  261  252
  243  235  229  225  223  222  220  217  216  228  252  286  323  356  381  397
  410  422  435  445  453  461  474  495  524
    32.5-180.0 180.0   5.0 450.0                            LAT/LON1/LON2/DLON/H
  550  583  605  609  600  590  590  601  614  620  615  597  569  533  492  453
  421  398  384  377  372  371  376  387  397  401  397  390  382  376  377  385
  398  412  418  414  400  381  362  346  338  331  325  317  308  299  287  274
  260  248  241  234  231  229  226  222  223  233  255  290  328  362  386  403
  416  429  443  455  467  477  493  517  550
    30.0-180.0 180.0   5.0 450.0                            LAT/LON1/LON2/DLON/H
  576  611  635  637  625  613  612  621  635  645  646  636  612  578  535  492
  455  428  413  402  394  387  388  397  407  413  413  410  412  419  430  445
  461  471  471  461  442  421  402  387  377  370  362  353  343  332  317  300
  281  267  256  247  241  236  231  228  226  234  255  289  327  360  386  402
  417  433  449  467  482  496  514  540  576
    27.5-180.0 180.0   5.0 450.0                            LAT/LON1/LON2/DLON/H
  605  643  668  671  658  643  637  642  654  665  671  669  654  623  580  534
  494  465  446  432  417  404  400  407  419  427  430  434  446  463  484  503
  515  517  508  489  467  447  431  419  408  400  391  383  376  365  349  328
  306  287  273  261  250  242  235  230  227  231  250  282  318  352  377  397
  414  434  456  478  497  515  536  567  605
    25.0-180.0 180.0   5.0 450.0                            LAT/LON1/LON2/DLON/H
  638  680  708  714  701  684  673  673  677  686  695  700  693  669  628  581
  538  506  484  465  444  423  415  421  435  447  453  462  479  504  529  547
  550  540  518  491  467  451  442  432  423  413  408  405  403  395  379  355
  329  307  290  274  259  245  235  227  221  223  239  268  303  337  364  387
  409  434  461  489  514  536  562  596  638
    22.5-180.0 180.0   5.0 450.0                            LAT/LON1/LON2/DLON/H
  675  722  755  764  754  737  723  715  712  716  724  734  735  717  680  633
  589  555  530  505  477  450  437  443  459  473  482  491  510  534  557  568
  560  533  499  466  442  430  426  422  413  405  404  411  417  415  400  375
  347  322  303  284  264  244  230  219  211  210  222  248  282  317  349  375
  403  435  469  502  532  559  589  627  675
    20.0-180.0 180.0   5.0 450.0                            LAT/LON1/LON2/DLON/H
  713  766  804  819  814  800  786  773  762  758  764  775  781  770  737  693
  649  612  583  552  518  485  470  476  494  510  518  523  534  551  565  565
  542  501  454  415  392  386  387  385  379  375  381  398  414  420  408  383
  353  327  307  286  263  238  220  207  197  192  200  224  258  295  331  366
  400  438  478  517  553  585  618  661  713
    17.5-180.0 180.0   5.0 450.0                            LAT/LON1/LON2/DLON/H
  750  806  849  869  872  865  857  844  828  816  816  826  834  827  800  758
  714  677  644  608  568  532  514  520  540  555  556  550  547  550  549  536
  501  448  391  348  326  324  329  332  330  331  344  370  395  406  398  375
  346  321  301  281  256  229  208  192  180  174  179  199  232  273  316  358
  400  445  491  536  576  612  649  695  750
    15.0-180.0 180.0   5.0 450.0                            LAT/LON1/LON2/DLON/H
  782  839  884  910  919  923  925  919  903  888  882  887  894  890  866  828
  785  748  712  672  627  588  569  574  591  600  590  568  547  531  513  486
  442  381  319  274  257  259  270  278  280  284  302  332  360  375  371  352
  325  303  287  269  244  218  195  178  165  158  160  178  211  256  306  356
  406  456  508  558  603  642  681  728  782
    12.5-180.0 180.0   5.0 450.0                            LAT/LON1/LON2/DLON/H
  809  863  906  933  949  964  978  982  976  963  953  954  958  955  935  899
  859  821  784  742  695  653  632  631  640  639  615  573  530  492  459  423
  377  317  256  216  203  211  226  237  242  249  266  292  315  329  331  317
  296  279  267  253  232  206  184  167  155  147  148  163  196  245  302  360
  415  471  527  582  631  673  714  758  809
    10.0-180.0 180.0   5.0 450.0                            LAT/LON1/LON2/DLON/H
  833  879  916  940  959  981 1008 1028 1034 1028 1020 1017 1019 1016  999  969
  931  894  857  816  767  723  694  684  681  665  623  560  495  441  399  361
  321  270  218  185  181  194  211  222  228  234  245  258  271  282  286  279
  264  252  245  236  219  197  176  161  150  143  143  157  191  242  305  367
  428  486  547  605  658  704  745  787  833
     7.5-180.0 180.0   5.0 450.0                            LAT/LON1/LON2/DLON/H
  855  893  920  937  953  977 1012 1045 1068 1075 1072 1068 1068 1065 1053 1027
  994  960  926  885  838  791  753  730  709  676  617  537  457  394  351  320
  293  258  220  198  201  218  233  240  241  241  241  238  236  240  246  244
  234  228  225  219  206  188  170  158  150  145  146  158  192  247  313  378
  440  502  563  624  680  730  773  813  855
     5.0-180.0 180.0   5.0 450.0                            LAT/LON1/LON2/DLON/H
  878  909  928  935  943  963  997 1039 1074 1095 1101 1100 1098 1096 1087 1067
 1040 1011  980  944  899  849  803  764  726  676  604  515  430  368  334  318
  308  291  269  259  268  282  288  283  275  267  256  236  217  213  218  218
  212  208  207  204  194  180  166  156  152  151  151  164  198  254  321  387
  450  512  574  636  696  750  797  840  878
     2.5-180.0 180.0   5.0 450.0                            LAT/LON1/LON2/DLON/H
  906  935  946  944  942  951  977 1019 1062 1094 1108 1109 1105 1102 1097 1083
 1063 1039 1015  984  943  893  840  788  736  673  594  506  428  380  364  368
  375  373  362  358  365  369  360  339  320  305  285  252  220  206  204  202
  196  193  192  189  182  170  159  154  154  155  158  169  203  260  328  394
  455  516  577  639  701  760  814  863  906
