Assets/GIM/IGS0OPSRAP_20242820000_01D_02H_GIM.INX
     1.0            IONOSPHERE MAPS     MIX                 IONEX VERSION / TYPE
tecrms2ionex_2.awk  SRRC/UWM           10/10/24  510UT      PGM / RUN BY / DATE
Global ionosphere maps for day 282, 2024 ( 8-10-2024)       DESCRIPTION
IONEX file containing the COMBINED IGS Ionosphere maps      DESCRIPTION
from the combination of all available IAACS                 DESCRIPTION
Contact address: Andrzej Krankowski                         DESCRIPTION
                 Space Radio-Diagnostics Research Centre    DESCRIPTION
                 University of Warmia and Mazury (SRRC/UWM) DESCRIPTION
                 Oczapowski St. 1                           DESCRIPTION
                 10-957-Olsztyn, POLAND                     DESCRIPTION
                 e-mail:  kand@uwm.edu.pl                   DESCRIPTION
                                                            DESCRIPTION
  2024    10     8     0     0     0                        EPOCH OF FIRST MAP
  2024    10     9     0     0     0                        EPOCH OF LAST MAP
  7200                                                      INTERVAL
    13                                                      # OF MAPS IN FILE
  COSZ                                                      MAPPING FUNCTION
     0.0                                                    ELEVATION CUTOFF
Combined TEC calculated as weighted mean of input TEC valuesOBSERVABLES USED
   254                                                      # OF STATIONS
    31                                                      # OF SATELLITES
  6371.0                                                    BASE RADIUS
     2                                                      MAP DIMENSION
   450.0 450.0   0.0                                        HGT1 / HGT2 / DHGT
    87.5 -87.5  -2.5                                        LAT1 / LAT2 / DLAT
  -180.0 180.0   5.0                                        LON1 / LON2 / DLON
    -1                                                      EXPONENT
TEC values in  0.1 TECUs; 9999 if no value available        COMMENT
DCB values in nanoseconds, reference is Sum_of_SatDCBs = 0  COMMENT
                                                            END OF HEADER
[from data line 1716]
     5                                                      START OF TEC MAP
  2024    10     8     8     0     0                        EPOCH OF CURRENT MAP
    87.5-180.0 180.0   5.0 450.0                            LAT/LON1/LON2/DLON/H
  170  172  175  178  180  183  185  187  190  192  194  195  197  199  199  200
  200  201  200  200  200  199  197  196  194  193  191  189  187  185  183  180
  178  175  174  171  169  166  165  162  160  158  156  154  152  150  149  147
  147  146  144  144  143  143  143  143  143  143  144  145  145  147  148  149
  152  153  155  157  160  162  165  167  170
    85.0-180.0 180.0   5.0 450.0                            LAT/LON1/LON2/DLON/H
  169  174  178  184  189  193  199  204  208  213  217  221  224  226  229  230
  230  231  230  229  228  226  223  220  216  213  209  205  201  197  193  189
  185  182  179  176  172  169  166  163  160  157  154  151  147  144  141  138
  136  133  131  129  128  127  127  126  126  127  127  128  129  131  133  135
  138  141  144  148  151  155  159  164  169
    82.5-180.0 180.0   5.0 450.0                            LAT/LON1/LON2/DLON/H
  165  171  178  184  192  199  206  212  219  226  232  237  242  246  249  251
  252  252  252  250  246  242  238  233  228  222  216  211  206  201  197  194
  191  188  186  184  182  180  179  177  174  170  167  163  158  153  148  143
  139  135  131  128  126  123  122  122  121  121  121  122  123  125  127  128
  130  133  136  140  144  149  154  159  165
    80.0-180.0 180.0   5.0 450.0                            LAT/LON1/LON2/DLON/H
  157  163  170  178  186  193  203  211  219  228  235  242  248  252  256  258
  259  258  256  253  249  244  238  230  223  216  209  202  197  192  189  187
  186  187  188  190  193  196  198  198  199  196  194  189  183  176  170  163
  156  149  144  140  136  133  131  129  128  128  127  128  127  128  128  129
  130  132  134  136  139  143  147  152  157
    77.5-180.0 180.0   5.0 450.0                            LAT/LON1/LON2/DLON/H
  146  151  158  165  173  182  190  200  209  218  226  234  239  244  247  248
  248  246  242  237  231  224  217  209  200  191  184  177  171  168  167  167
  171  175  182  190  199  208  215  222  225  227  225  221  215  207  199  190
  181  173  165  161  156  153  151  148  146  145  144  143  141  140  138  137
  136  135  135  134  136  137  140  142  146
    75.0-180.0 180.0   5.0 450.0                            LAT/LON1/LON2/DLON/H
  134  137  142  148  155  164  173  183  192  201  209  216  220  223  223  223
  219  215  209  203  195  187  178  170  161  153  146  140  136  135  136  140
  147  158  169  183  198  212  226  239  247  253  254  251  246  238  229  218
  208  200  192  187  183  180  178  176  174  171  169  166  163  159  155  151
  147  143  140  137  134  132  131  132  134
    72.5-180.0 180.0   5.0 450.0                            LAT/LON1/LON2/DLON/H
  122  123  126  131  138  146  155  164  174  182  188  193  195  195  193  188
  181  174  165  157  148  139  131  123  116  109  103  100   98  100  105  113
  124  138  155  173  191  210  228  244  257  267  271  272  267  261  252  243
  233  225  219  214  211  210  208  206  205  202  199  195  190  183  178  171
  163  156  148  142  134  129  125  122  122
    70.0-180.0 180.0   5.0 450.0                            LAT/LON1/LON2/DLON/H
  113  112  115  119  125  132  140  148  156  163  169  172  172  169  163  154
  143  133  121  110  101   93   86   80   75   69   67   65   67   72   79   90
  104  122  140  160  180  200  220  238  254  266  274  278  277  273  266  258
  251  245  240  238  238  238  238  239  238  235  232  226  220  213  203  194
  183  171  160  148  137  128  121  115  113
    67.5-180.0 180.0   5.0 450.0                            LAT/LON1/LON2/DLON/H
  108  107  110  114  119  124  130  137  143  150  154  156  155  150  141  129
  115  100   87   75   67   61   55   51   49   46   45   46   49   55   64   76
   92  109  128  147  166  186  204  222  238  253  264  272  275  273  270  265
  260  258  258  259  262  266  269  271  271  270  267  262  256  246  235  221
  207  191  175  159  143  130  119  112  108
    65.0-180.0 180.0   5.0 450.0                            LAT/LON1/LON2/DLON/H
  109  108  111  114  118  123  127  131  136  142  146  148  146  140  129  116
   99   84   70   59   53   48   46   45   45   45   44   44   47   53   61   74
   88  104  122  138  154  169  185  200  217  232  247  257  264  266  267  266
  265  267  271  278  286  294  300  304  306  307  305  301  294  284  271  254
  236  215  194  172  152  135  122  113  109
    62.5-180.0 180.0   5.0 450.0                            LAT/LON1/LON2/DLON/H
  113  114  116  120  122  125  127  129  133  139  144  147  145  139  129  114
   98   83   71   62   58   55   57   59   60   59   58   57   57   61   70   80
   93  107  120  133  144  155  167  181  196  212  228  241  251  256  260  263
  267  274  285  298  312  324  334  341  346  348  347  344  338  327  312  293
  270  245  218  190  165  144  128  118  113
    60.0-180.0 180.0   5.0 450.0                            LAT/LON1/LON2/DLON/H
  121  121  123  126  127  128  128  129  132  137  142  147  148  143  134  121
  107   94   84   78   76   77   80   83   85   85   81   78   77   78   85   94
  106  117  127  134  141  148  156  168  183  198  215  229  241  248  254  261
  273  287  304  324  343  361  374  384  391  394  395  392  385  374  356  335
  309  278  246  213  182  156  137  126  121
    57.5-180.0 180.0   5.0 450.0                            LAT/LON1/LON2/DLON/H
  130  129  130  131  131  130  128  128  129  135  142  147  149  147  139  130
  120  110  104  100  100  103  107  111  112  110  105   99   95   97  102  111
  122  131  137  141  144  148  155  165  180  196  212  226  236  246  256  268
  286  307  331  357  382  403  421  432  441  444  446  443  435  422  403  379
  350  316  278  240  203  173  151  137  130
    55.0-180.0 180.0   5.0 450.0                            LAT/LON1/LON2/DLON/H
  141  138  136  134  133  131  129  127  128  132  138  144  147  146  142  137
  131  125  121  121  122  125  128  130  129  125  119  112  108  110  117  127
  138  146  151  152  153  156  162  174  189  205  220  232  243  253  267  287
  312  340  370  401  428  453  472  485  494  498  498  494  485  469  449  423
  392  356  314  271  229  194  168  151  141
    52.5-180.0 180.0   5.0 450.0                            LAT/LON1/LON2/DLON/H
  155  147  142  138  135  132  129  126  126  128  134  138  142  142  140  138
  136  134  134  134  136  137  138  138  135  129  122  116  114  118  126  139
  151  160  163  164  165  169  178  191  207  222  236  247  258  273  293  321
  353  389  422  454  482  507  526  540  548  550  548  542  530  513  492  466
  434  396  352  305  260  220  190  169  155
    50.0-180.0 180.0   5.0 450.0                            LAT/LON1/LON2/DLON/H
  172  159  150  143  138  135  132  128  127  126  129  132  135  134  133  134
  135  135  137  139  140  140  137  134  129  122  116  112  112  120  131  145
  158  167  172  175  178  186  197  212  228  243  257  269  285  306  336  373
  412  451  485  514  539  560  578  591  597  598  592  583  569  551  530  505
  474  436  392  344  295  252  217  191  172
    47.5-180.0 180.0   5.0 450.0                            LAT/LON1/LON2/DLON/H
  193  175  162  152  145  142  138  135  131  128  129  129  129  126  124  124
  127  131  134  136  136  134  130  124  118  112  106  104  108  118  131  146
  159  169  177  184  192  202  217  234  250  266  279  295  317  350  392  437
  482  522  554  578  597  612  626  635  639  636  627  615  600  581  562  539
  511  475  432  382  333  286  247  216  193
    45.0-180.0 180.0   5.0 450.0                            LAT/LON1/LON2/DLON/H
  219  197  181  168  160  156  152  148  142  139  136  133  128  122  118  116
  119  122  126  128  127  125  120  113  106  101   98   98  104  116  129  144
  157  170  181  193  206  221  236  254  271  287  303  324  356  401  455  509
  557  595  623  641  652  662  669  673  671  665  652  637  621  605  588  568
  543  510  469  421  370  322  280  246  219
    42.5-180.0 180.0   5.0 450.0                            LAT/LON1/LON2/DLON/H
  249  226  207  191  181  176  173  169  164  158  153  147  138  127  117  112
  112  115  118  120  119  117  112  107  102   97   95   97  104  116  130  144
  157  173  189  206  224  241  257  274  291  308  328  356  399  457  522  583
  632  667  689  700  705  707  708  705  698  685  669  652  635  621  608  593
  571  541  501  454  405  357  314  278  249
    40.0-180.0 180.0   5.0 450.0                            LAT/LON1/LON2/DLON/H
  284  261  239  222  210  204  201  198  193  187  180  171  160  143  128  117
  113  114  115  116  116  114  111  107  104  101  100  103  110  121  135  148
  164  181  204  227  250  267  281  298  315  334  359  395  448  516  589  653
  700  731  749  757  758  756  750  741  726  706  685  664  648  635  626  614
  595  566  527  482  435  389  348  313  284
    37.5-180.0 180.0   5.0 450.0                            LAT/LON1/LON2/DLON/H
  325  302  280  260  245  238  235  233  230  224  217  206  190  171  150  134
  125  123  122  121  119  118  116  116  114  113  113  115  122  134  146  161
  178  201  230  261  287  305  317  330  347  369  398  441  503  578  654  717
  762  791  807  816  817  812  802  787  765  738  709  684  664  652  644  634
  617  589  551  507  462  419  381  351  325
    35.0-180.0 180.0   5.0 450.0                            LAT/LON1/LON2/DLON/H
  372  351  327  304  287  277  274  273  271  265  256  245  229  207  183  163
  149  142  138  136  133  131  131  131  132  131  131  133  139  151  166  184
  205  233  269  308  339  356  366  376  392  413  447  496  563  641  717  778
  821  848  867  880  885  882  870  850  821  786  750  716  692  675  667  656
  640  612  575  532  489  450  418  393  372
    32.5-180.0 180.0   5.0 450.0                            LAT/LON1/LON2/DLON/H
  425  408  383  356  334  321  318  317  313  306  295  283  267  246  221  199
  182  172  166  161  156  153  152  153  155  154  153  153  158  171  191  213
  241  276  319  366  403  422  430  437  450  471  506  558  627  704  777  835
  877  907  931  953  967  968  957  934  899  856  810  767  733  710  696  685
  666  639  601  560  521  487  461  441  425
    30.0-180.0 180.0   5.0 450.0                            LAT/LON1/LON2/DLON/H
  489  473  447  416  389  373  366  364  358  345  329  314  299  281  259  237
  219  208  200  193  184  179  177  178  179  179  175  173  177  192  217  247
  282  325  380  435  478  502  510  512  520  537  571  623  691  764  832  890
  933  969 1003 1036 1060 1069 1059 1034  994  943  887  833  788  756  735  719
  701  672  634  595  560  532  511  499  489
    27.5-180.0 180.0   5.0 450.0                            LAT/LON1/LON2/DLON/H
  562  549  522  486  454  433  423  417  406  382  356  337  323  307  289  271
  255  244  236  226  215  205  201  202  202  201  195  190  194  211  242  282
  326  380  444  510  562  589  596  595  597  609  638  687  750  817  883  942
  991 1033 1078 1121 1156 1169 1163 1136 1092 1034  970  907  852  809  782  764
  742  712  676  640  609  587  572  566  562
    25.0-180.0 180.0   5.0 450.0                            LAT/LON1/LON2/DLON/H
  645  636  608  567  530  505  491  481  459  422  382  353  336  324  311  298
  286  278  268  257  241  230  223  223  223  220  213  205  207  227  265  313
  369  435  510  585  643  675  682  678  674  681  704  747  801  861  926  989
 1044 1095 1146 1198 1237 1255 1250 1223 1178 1118 1051  982  919  869  835  813
  790  759  722  688  665  649  641  641  645
    22.5-180.0 180.0   5.0 450.0                            LAT/LON1/LON2/DLON/H
  729  728  702  660  619  592  574  558  526  472  414  373  350  336  326  318
  313  306  296  281  263  248  240  239  238  235  227  217  217  238  283  341
  409  486  571  653  717  751  758  751  745  749  767  801  844  898  962 1031
 1092 1146 1200 1253 1293 1311 1307 1282 1239 1183 1116 1047  984  932  894  868
  843  810  772  739  718  708  707  716  729
    20.0-180.0 180.0   5.0 450.0                            LAT/LON1/LON2/DLON/H
  803  812  793  756  720  693  674  650  606  537  464  409  375  356  345  339
  337  333  319  299  278  263  254  251  250  247  238  226  225  248  298  366
  444  529  622  710  777  812  819  812  806  809  823  847  881  928  994 1067
 1132 1184 1232 1277 1310 1324 1322 1303 1268 1219 1162 1101 1043  994  956  927
  899  862  820  783  762  756  762  780  803
    17.5-180.0 180.0   5.0 450.0                            LAT/LON1/LON2/DLON/H
  856  876  870  843  817  799  782  754  701  621  535  467  422  394  377  371
  369  364  346  318  294  277  268  263  262  260  251  237  234  258  313  387
  472  563  659  750  817  852  859  855  853  857  869  887  913  957 1024 1100
 1161 1204 1236 1268 1291 1302 1302 1292 1269 1234 1190 1142 1095 1052 1014  984
  952  910  861  816  789  784  796  823  856
    15.0-180.0 180.0   5.0 450.0                            LAT/LON1/LON2/DLON/H
  876  910  919  908  898  893  883  856  801  720  631  554  497  457  431  419
  415  405  379  344  315  298  287  280  278  276  268  253  248  271  327  405
  494  587  683  772  840  875  885  884  886  894  905  919  942  986 1054 1128
 1182 1209 1224 1238 1250 1258 1264 1264 1254 1234 1205 1172 1137 1103 1069 1035
  999  952  893  837  799  788  802  834  876
    12.5-180.0 180.0   5.0 450.0                            LAT/LON1/LON2/DLON/H
  861  902  928  939  950  962  961  938  888  816  735  661  598  548  511  489
  477  459  424  381  348  327  315  304  301  299  291  276  268  289  344  422
  509  600  693  781  848  884  896  900  907  917  929  942  967 1015 1084 1153
 1195 1206 1205 1203 1204 1211 1223 1233 1236 1228 1212 1192 1170 1142 1110 1076
 1036  983  916  846  795  777  787  818  861
    10.0-180.0 180.0   5.0 450.0                            LAT/LON1/LON2/DLON/H
  824  865  902  931  961  990 1001  986  947  892  828  764  704  651  606  575
  554  527  482  432  393  369  351  338  332  329  321  305  295  313  363  436
  520  606  694  780  848  885  898  906  915  928  940  956  987 1039 1108 1170
 1201 1201 1186 1174 1170 1178 1197 1215 1226 1226 1219 1206 1190 1168 1137 1101
 1059 1004  932  851  788  760  764  787  824
     7.5-180.0 180.0   5.0 450.0                            LAT/LON1/LON2/DLON/H
  781  818  859  898  939  976  994  989  965  930  889  843  794  745  698  661
  630  595  544  489  447  417  396  377  368  365  355  337  325  336  380  448
  526  607  691  773  840  878  893  902  914  928  941  959  996 1054 1122 1177
 1200 1193 1176 1163 1160 1171 1195 1217 1229 1230 1224 1212 1198 1175 1145 1107
 1067 1015  941  855  784  748  744  756  781
     5.0-180.0 180.0   5.0 450.0                            LAT/LON1/LON2/DLON/H
  754  783  821  863  904  937  952  950  936  921  904  881  849  809  767  727
  691  650  597  541  496  464  436  414  402  397  387  368  352  356  393  456
  528  604  684  764  829  866  881  891  903  917  931  951  992 1053 1119 1168
 1190 1186 1175 1168 1169 1185 1212 1234 1242 1237 1224 1209 1191 1166 1132 1095
 1058 1013  945  862  790  753  741  743  754
     2.5-180.0 180.0   5.0 450.0                            LAT/LON1/LON2/DLON/H
  761  779  811  845  875  895  900  892  880  874  872  869  857  830  795  757
  720  677  626  574  531  497  467  443  429  423  412  391  370  369  398  456
  525  599  676  752  814  850  865  875  887  899  913  934  974 1034 1098 1146
 1169 1174 1176 1181 1190 1211 1238 1256 1255 1239 1215 1190 1166 1136 1099 1062
 1032  996  940  867  804  771  759  756  761
