Assets/GIM/IGS0OPSRAP_20242990000_01D_02H_GIM.INX
     1.0            IONOSPHERE MAPS     MIX                 IONEX VERSION / TYPE
tecrms2ionex_2.awk  SRRC/UWM           10/27/24  510UT      PGM / RUN BY / DATE
Global ionosphere maps for day 299, 2024 (25-10-2024)       DESCRIPTION
IONEX file containing the COMBINED IGS Ionosphere maps      DESCRIPTION
from the combination of all available IAACS                 DESCRIPTION
Contact address: Andrzej Krankowski                         DESCRIPTION
                 Space Radio-Diagnostics Research Centre    DESCRIPTION
                 University of Warmia and Mazury (SRRC/UWM) DESCRIPTION
                 Oczapowski St. 1                           DESCRIPTION
                 10-957-Olsztyn, POLAND                     DESCRIPTION
                 e-mail:  kand@uwm.edu.pl                   DESCRIPTION
                                                            DESCRIPTION
  2024    10    25     0     0     0                        EPOCH OF FIRST MAP
  2024    10    26     0     0     0                        EPOCH OF LAST MAP
  7200                                                      INTERVAL
    13                                                      # OF MAPS IN FILE
  COSZ                                                      MAPPING FUNCTION
     0.0                                                    ELEVATION CUTOFF
Combined TEC calculated as weighted mean of input TEC valuesOBSERVABLES USED
   249                                                      # OF STATIONS
    31                                                      # OF SATELLITES
  6371.0                                                    BASE RADIUS
     2                                                      MAP DIMENSION
   450.0 450.0   0.0                                        HGT1 / HGT2 / DHGT
    87.5 -87.5  -2.5                                        LAT1 / LAT2 / DLAT
  -180.0 180.0   5.0                                        LON1 / LON2 / DLON
    -1                                                      EXPONENT
TEC values in  0.1 TECUs; 9999 if no value available        COMMENT
DCB values in nanoseconds, reference is Sum_of_SatDCBs = 0  COMMENT
                                                            END OF HEADER
[from data line 429]
     2                                                      START OF TEC MAP
  2024    10    25     2     0     0                        EPOCH OF CURRENT MAP
    87.5-180.0 180.0   5.0 450.0                            LAT/LON1/LON2/DLON/H
  185  186  186  186  186  186  186  185  185  184  184  183  182  182  181  179
  179  178  177  177  176  175  174  174  173  172  172  170  170  168  167  165
  164  162  161  159  158  158  158  158  156  155  155  155  155  155  156  156
  157  158  157  158  159  160  161  163  165  166  167  169  171  172  173  174
  176  178  180  181  181  184  184  185  185
    85.0-180.0 180.0   5.0 450.0                            LAT/LON1/LON2/DLON/H
  208  206  208  209  207  205  204  201  199  195  193  192  188  187  184  183
  182  180  179  178  176  176  176  176  175  172  168  166  163  159  157  155
  152  150  149  148  146  146  146  145  145  145  145  144  144  144  144  143
  145  146  148  149  149  152  154  156  159  163  166  170  174  177  181  185
  189  192  196  200  202  202  205  208  208
    82.5-180.0 180.0   5.0 450.0                            LAT/LON1/LON2/DLON/H
  245  247  239  237  231  225  219  213  206  202  196  193  188  187  183  183
  180  179  178  176  176  176  178  177  171  168  164  159  157  155  152  150
  147  144  142  139  137  135  134  134  133  135  134  136  136  135  135  135
  135  136  138  140  142  145  148  153  158  163  168  175  182  190  195  202
  210  218  224  229  233  239  244  243  245
    80.0-180.0 180.0   5.0 450.0                            LAT/LON1/LON2/DLON/H
  287  280  273  262  253  242  235  227  218  214  207  203  200  198  196  194
  193  190  189  188  185  180  181  171  167  164  161  156  152  148  145  140
  140  138  138  137  133  130  128  128  129  129  130  129  129  130  130  130
  130  130  131  134  137  140  145  151  158  165  174  183  193  204  215  225
  237  248  256  267  277  286  286  290  287
    77.5-180.0 180.0   5.0 450.0                            LAT/LON1/LON2/DLON/H
  321  315  304  295  282  272  260  245  232  216  203  193  185  182  179  177
  179  184  185  185  181  185  174  174  168  163  157  153  149  145  140  139
  132  128  126  127  128  129  130  128  129  130  132  131  132  130  129  128
  127  127  130  131  134  138  145  152  160  170  181  194  210  224  237  249
  263  276  288  303  313  320  324  325  321
    75.0-180.0 180.0   5.0 450.0                            LAT/LON1/LON2/DLON/H
  349  343  336  323  315  299  282  261  237  213  197  184  175  167  163  163
  168  171  174  177  179  181  176  176  174  168  160  155  147  139  133  128
  126  124  123  124  125  126  127  129  131  132  134  134  133  132  129  127
  125  125  127  130  134  140  147  156  165  177  191  209  224  239  253  268
  284  299  313  326  336  344  349  351  349
    72.5-180.0 180.0   5.0 450.0                            LAT/LON1/LON2/DLON/H
  368  365  359  351  341  326  307  279  256  229  206  185  170  160  154  151
  153  156  163  164  172  177  176  175  174  167  160  151  144  136  129  123
  119  118  118  120  121  123  126  127  129  132  133  133  132  130  127  125
  124  124  125  129  135  143  151  164  175  189  205  225  242  258  274  292
  306  317  331  344  353  361  365  368  368
    70.0-180.0 180.0   5.0 450.0                            LAT/LON1/LON2/DLON/H
  381  378  374  369  362  348  329  307  279  249  220  196  176  160  149  143
  141  144  148  153  162  169  169  169  171  163  155  149  138  130  124  118
  115  115  116  116  119  120  123  124  126  127  128  128  126  124  122  121
  121  122  124  129  137  148  159  173  190  207  225  247  264  281  299  313
  327  339  349  359  367  373  378  381  381
    67.5-180.0 180.0   5.0 450.0                            LAT/LON1/LON2/DLON/H
  390  387  382  375  367  357  343  325  304  276  244  214  194  171  151  139
  134  135  137  142  151  157  156  158  159  156  146  139  132  123  118  113
  110  110  112  113  114  117  118  118  119  119  118  118  117  115  113  113
  113  117  121  131  141  154  172  189  211  231  252  277  295  315  327  341
  352  359  367  375  379  386  389  394  390
    65.0-180.0 180.0   5.0 450.0                            LAT/LON1/LON2/DLON/H
  399  394  387  379  371  360  352  338  319  302  277  245  212  185  159  142
  133  128  128  130  137  141  141  142  143  140  134  125  121  115  112  109
  105  106  108  109  108  107  108  108  107  106  104  104  104  103  101  102
  105  111  121  133  151  169  191  214  238  264  286  314  333  354  363  376
  383  384  389  393  393  398  400  404  399
    62.5-180.0 180.0   5.0 450.0                            LAT/LON1/LON2/DLON/H
  408  401  394  384  375  367  358  346  332  317  295  267  237  208  175  152
  137  127  121  121  125  127  127  128  127  123  119  113  108  105  104  103
  103  103  103  102   98   95   95   93   92   90   90   90   91   92   92   94
   99  110  122  142  163  190  213  247  275  304  329  357  377  398  406  416
  420  418  416  413  412  414  413  414  408
    60.0-180.0 180.0   5.0 450.0                            LAT/LON1/LON2/DLON/H
  419  410  401  391  381  371  362  351  338  324  306  282  256  228  200  171
  150  134  123  118  117  117  116  116  115  109  106  101   98   96   97   97
   99   99   96   94   90   86   82   79   79   81   82   84   86   87   89   92
  100  113  131  157  181  215  242  280  310  345  372  402  423  443  452  458
  456  454  448  441  436  434  429  424  419
    57.5-180.0 180.0   5.0 450.0                            LAT/LON1/LON2/DLON/H
  438  426  414  403  391  377  366  353  339  325  311  292  269  246  221  194
  171  150  134  125  120  116  113  111  110  104  100   97   94   93   94   96
   97   96   93   90   85   81   77   75   76   79   82   86   87   90   92   97
  107  121  145  172  203  241  270  310  341  378  408  440  467  483  493  498
  497  493  483  472  464  456  451  444  438
    55.0-180.0 180.0   5.0 450.0                            LAT/LON1/LON2/DLON/H
  462  449  432  419  405  389  373  359  342  327  312  294  275  254  233  211
  191  171  157  143  133  126  121  116  113  107  104  102  100  101  103  102
  102   98   95   91   87   83   82   81   84   87   91   94   96   98  101  106
  116  135  162  190  225  259  295  334  365  402  434  466  494  510  523  531
  533  529  517  505  495  488  481  470  462
    52.5-180.0 180.0   5.0 450.0                            LAT/LON1/LON2/DLON/H
  488  475  455  438  423  406  388  369  351  331  312  295  278  259  239  222
  204  188  171  162  151  143  137  130  125  120  117  115  116  117  118  116
  113  107  104  100   96   94   94   95   97  100  104  105  106  107  110  115
  128  148  172  206  244  277  314  353  385  420  451  482  508  525  542  553
  559  555  546  537  529  519  513  501  488
    50.0-180.0 180.0   5.0 450.0                            LAT/LON1/LON2/DLON/H
  514  500  478  464  445  428  409  387  364  340  317  297  279  262  245  229
  212  198  184  174  166  159  153  147  141  139  136  136  136  137  137  134
  128  121  116  113  110  110  110  113  115  118  119  119  117  117  118  124
  139  158  186  222  258  291  330  365  400  434  466  492  516  534  553  568
  574  574  569  561  552  544  536  527  514
    47.5-180.0 180.0   5.0 450.0                            LAT/LON1/LON2/DLON/H
  538  522  503  489  468  454  433  407  380  352  324  301  282  264  247  233
  217  204  193  185  178  172  167  164  159  159  157  157  155  157  155  151
  144  137  132  129  128  129  130  130  132  133  133  131  128  126  127  134
  147  170  202  238  268  307  346  378  412  446  476  500  522  539  558  574
  584  586  582  574  564  557  551  544  538
    45.0-180.0 180.0   5.0 450.0                            LAT/LON1/LON2/DLON/H
  553  541  527  518  500  483  461  431  400  371  339  312  287  267  250  235
  221  209  200  193  188  184  181  180  177  177  177  175  174  174  171  168
  160  154  149  147  146  147  146  145  144  144  143  140  137  135  137  145
  161  187  220  250  286  326  363  393  425  457  485  507  526  542  559  575
  588  591  586  578  567  563  558  556  553
    42.5-180.0 180.0   5.0 450.0                            LAT/LON1/LON2/DLON/H
  566  560  549  540  531  513  490  460  429  393  355  322  294  273  256  241
  226  216  206  201  196  195  193  192  192  193  191  189  188  188  186  184
  178  173  167  165  164  162  158  154  152  151  149  148  145  144  147  157
  175  206  238  271  309  347  379  409  440  469  494  512  527  542  555  573
  586  590  586  578  568  561  561  562  566
    40.0-180.0 180.0   5.0 450.0                            LAT/LON1/LON2/DLON/H
  576  576  568  560  554  536  517  489  457  415  374  338  308  282  262  246
  233  224  214  208  204  205  204  203  204  205  205  203  202  203  203  202
  198  193  189  184  179  173  166  161  158  157  156  155  154  152  159  171
  193  225  257  294  332  367  396  425  453  479  501  518  532  543  556  569
  581  585  583  577  568  562  562  569  576
    37.5-180.0 180.0   5.0 450.0                            LAT/LON1/LON2/DLON/H
  587  591  585  575  569  558  539  514  484  447  402  359  324  292  268  252
  240  230  222  216  212  213  215  216  216  216  215  216  215  217  220  220
  219  216  212  204  194  184  176  167  164  162  162  161  161  162  169  185
  209  236  273  314  350  382  409  438  464  487  509  526  539  550  560  570
  580  585  584  580  575  568  570  579  587
    35.0-180.0 180.0   5.0 450.0                            LAT/LON1/LON2/DLON/H
  602  602  598  588  580  569  552  531  507  472  429  380  336  304  277  257
  244  235  228  221  218  220  225  230  230  228  227  229  232  237  246  249
  248  245  237  227  212  198  185  176  170  168  167  167  168  171  179  195
  217  245  285  327  364  395  421  448  471  493  517  535  550  563  575  584
  592  599  603  602  598  590  589  597  602
    32.5-180.0 180.0   5.0 450.0                            LAT/LON1/LON2/DLON/H
  631  625  617  601  587  571  558  539  520  488  450  401  355  317  288  264
  246  235  228  220  219  225  235  242  246  246  244  246  254  263  278  289
  287  281  269  254  234  213  198  187  181  176  173  172  173  177  185  197
  218  250  291  335  375  403  431  455  475  498  524  544  564  583  599  611
  621  633  650  649  642  635  631  633  631
    30.0-180.0 180.0   5.0 450.0                            LAT/LON1/LON2/DLON/H
  679  665  647  621  597  579  566  546  529  503  468  421  373  331  297  269
  248  234  223  216  216  226  242  257  267  273  275  274  288  303  323  338
  334  324  307  287  258  233  213  201  191  184  178  173  174  179  187  196
  218  254  296  343  382  410  436  458  479  502  530  554  583  612  637  658
  679  693  718  722  716  711  699  692  679
    27.5-180.0 180.0   5.0 450.0                            LAT/LON1/LON2/DLON/H
  745  730  699  660  624  598  580  557  539  517  484  439  392  346  309  274
  249  232  221  213  214  225  248  278  296  309  317  317  334  358  381  392
  389  367  347  318  282  252  228  213  202  191  181  175  172  178  183  193
  218  257  303  350  387  416  441  463  485  511  543  572  610  650  686  723
  751  780  817  819  819  813  790  768  745
    25.0-180.0 180.0   5.0 450.0                            LAT/LON1/LON2/DLON/H
  837  810  777  730  684  642  611  582  561  540  506  457  410  368  325  289
  258  237  226  218  222  235  262  308  330  346  362  366  397  430  453  455
  446  409  387  346  302  272  245  228  214  197  183  177  172  174  179  191
  218  262  312  356  395  424  449  472  499  530  567  600  645  696  744  799
  839  876  928  934  958  940  904  874  837
    22.5-180.0 180.0   5.0 450.0                            LAT/LON1/LON2/DLON/H
  939  916  880  844  783  721  666  631  603  579  538  496  445  400  353  318
  285  263  247  242  250  266  299  347  371  388  411  430  475  509  527  516
  497  462  413  364  316  286  254  238  223  201  187  178  172  170  175  189
  219  266  317  363  404  437  465  492  524  561  603  644  689  747  809  875
  927  977 1021 1050 1087 1072 1026  980  939
    20.0-180.0 180.0   5.0 450.0                            LAT/LON1/LON2/DLON/H
 1034 1025 1004  975  914  843  770  721  676  639  595  555  502  455  402  372
  339  317  297  291  297  321  364  403  427  448  475  501  566  584  593  564
  534  490  427  365  313  283  251  237  223  205  190  179  171  168  171  186
  222  268  321  372  417  455  491  525  562  603  647  693  740  803  871  936
  992 1042 1083 1131 1170 1170 1124 1071 1034
    17.5-180.0 180.0   5.0 450.0                            LAT/LON1/LON2/DLON/H
 1104 1112 1120 1112 1059  989  903  842  778  726  674  636  587  538  483  456
  425  409  382  376  373  399  449  477  499  521  547  577  623  633  633  591
  546  481  419  356  299  266  241  231  215  199  188  177  168  163  167  184
  220  273  330  385  435  479  523  565  606  648  696  748  799  862  926  985
 1032 1074 1109 1158 1196 1201 1156 1125 1104
    15.0-180.0 180.0   5.0 450.0                            LAT/LON1/LON2/DLON/H
 1137 1165 1201 1223 1191 1121 1043  977  905  837  783  744  702  658  592  567
  551  535  505  502  493  503  535  557  570  588  608  631  660  647  636  574
  511  438  389  334  281  249  230  220  204  190  183  174  167  160  164  187
  225  282  340  401  457  506  557  606  649  691  742  795  851  912  969 1020
 1053 1081 1110 1143 1172 1178 1162 1145 1137
    12.5-180.0 180.0   5.0 450.0                            LAT/LON1/LON2/DLON/H
 1146 1176 1222 1263 1263 1216 1162 1105 1032  962  929  878  829  799  751  708
  693  683  651  649  642  626  623  634  629  635  640  639  638  607  589  519
  449  394  348  303  266  237  223  214  201  190  183  175  167  162  166  189
  232  292  355  419  475  528  583  636  680  723  775  826  883  940  992 1031
 1055 1072 1094 1119 1139 1149 1147 1142 1146
    10.0-180.0 180.0   5.0 450.0                            LAT/LON1/LON2/DLON/H
 1129 1153 1196 1244 1260 1251 1213 1175 1117 1067 1031 1000  976  946  920  877
  860  851  816  809  807  779  729  705  673  642  620  589  562  525  505  446
  390  352  314  281  255  233  223  213  204  197  189  180  172  167  171  195
  241  302  367  431  486  539  594  646  692  737  786  834  888  944  993 1021
 1040 1055 1074 1094 1110 1123 1129 1128 1129
     7.5-180.0 180.0   5.0 450.0                            LAT/LON1/LON2/DLON/H
 1103 1117 1150 1187 1208 1216 1202 1185 1148 1115 1100 1090 1083 1075 1062 1033
 1021 1012  981  960  948  901  830  762  692  621  573  528  475  435  418  380
  354  330  296  270  253  242  232  223  216  210  202  192  182  176  180  204
  250  310  372  432  486  541  591  641  686  729  775  822  873  933  979 1000
 1018 1036 1056 1073 1089 1102 1111 1109 1103
     5.0-180.0 180.0   5.0 450.0                            LAT/LON1/LON2/DLON/H
 1088 1089 1104 1123 1145 1157 1154 1146 1121 1104 1102 1107 1123 1135 1133 1114
 1101 1086 1071 1052 1024  962  876  788  696  600  523  462  403  364  356  339
  336  323  298  278  265  257  246  240  232  225  217  206  195  187  191  213
  259  315  373  427  478  532  580  627  668  708  752  796  852  908  954  983
 1006 1031 1052 1070 1085 1097 1104 1099 1088
     2.5-180.0 180.0   5.0 450.0                            LAT/LON1/LON2/DLON/H
 1094 1085 1083 1090 1099 1102 1099 1093 1074 1060 1058 1068 1091 1110 1113 1096
 1073 1045 1039 1031 1012  936  845  767  669  568  473  399  351  325  326  327
  334  329  310  296  284  277  267  258  250  242  232  221  208  199  203  225
  270  321  372  421  465  516  564  603  642  681  723  768  823  881  928  967
 1002 1030 1057 1079 1095 1108 1112 1106 1094
