Assets/GIM/IGS0OPSRAP_20242990000_01D_02H_GIM.INX
     1.0            IONOSPHERE MAPS     MIX                 IONEX VERSION / TYPE
tecrms2ionex_2.awk  SRRC/UWM           10/27/24  510UT      PGM / RUN BY / DATE
Global ionosphere maps for day 299, 2024 (25-10-2024)       DESCRIPTION
IONEX file containing the COMBINED IGS Ionosphere maps      DESCRIPTION
from the combination of all available IAACS                 DESCRIPTION
Contact address: Andrzej Krankowski                         DESCRIPTION
                 Space Radio-Diagnostics Research Centre    DESCRIPTION
                 University of Warmia and Mazury (SRRC/UWM) DESCRIPTION
                 Oczapowski St. 1                           DESCRIPTION
                 10-957-Olsztyn, POLAND                     DESCRIPTION
                 e-mail:  kand@uwm.edu.pl                   DESCRIPTION
                                                            DESCRIPTION
  2024    10    25     0     0     0                        EPOCH OF FIRST MAP
  2024    10    26     0     0     0                        EPOCH OF LAST MAP
  7200                                                      INTERVAL
    13                                                      # OF MAPS IN FILE
  COSZ                                                      MAPPING FUNCTION
     0.0                                                    ELEVATION CUTOFF
Combined TEC calculated as weighted mean of input TEC valuesOBSERVABLES USED
   249                                                      # OF STATIONS
    31                                                      # OF SATELLITES
  6371.0                                                    BASE RADIUS
     2                                                      MAP DIMENSION
   450.0 450.0   0.0                                        HGT1 / HGT2 / DHGT
    87.5 -87.5  -2.5                                        LAT1 / LAT2 / DLAT
  -180.0 180.0   5.0                                        LON1 / LON2 / DLON
    -1                                                      EXPONENT
TEC values in  0.1 TECUs; 9999 if no value available        COMMENT
DCB values in nanoseconds, reference is Sum_of_SatDCBs = 0  COMMENT
                                                            END OF HEADER
[from data line 3861]
    10                                                      START OF TEC MAP
  2024    10    25    18     0     0                        EPOCH OF CURRENT MAP
    87.5-180.0 180.0   5.0 450.0                            LAT/LON1/LON2/DLON/H
  232  233  234  237  239  241  243  245  246  248  250  251  253  254  256  257
  258  259  260  261  261  262  261  263  263  263  263  264  264  264  263  261
  260  259  260  258  257  255  254  254  251  250  249  248  247  246  243  242
  239  239  236  233  233  228  228  226  225  224  222  222  221  221  220  220
  220  222  222  223  224  225  227  229  232
    85.0-180.0 180.0   5.0 450.0                            LAT/LON1/LON2/DLON/H
  209  212  216  218  223  226  230  235  239  245  249  252  258  262  265  267
  270  274  273  274  274  275  277  277  278  279  281  280  277  275  271  268
  264  260  257  255  252  250  247  246  245  244  243  240  240  238  237  234
  230  229  225  219  217  211  210  207  204  202  200  197  196  194  194  193
  194  195  196  197  200  203  205  207  209
    82.5-180.0 180.0   5.0 450.0                            LAT/LON1/LON2/DLON/H
  185  189  194  198  204  210  216  224  232  238  246  253  259  264  270  273
  280  284  291  291  289  288  293  295  297  293  288  285  281  276  271  262
  258  249  246  238  234  231  227  227  221  220  216  214  214  212  216  218
  214  212  211  207  201  195  194  190  188  184  179  176  173  171  169  169
  169  170  171  173  175  177  179  182  185
    80.0-180.0 180.0   5.0 450.0                            LAT/LON1/LON2/DLON/H
  161  166  172  180  188  196  208  220  234  248  261  274  283  292  297  301
  305  306  306  303  296  291  303  315  308  298  289  282  274  265  259  250
  242  234  227  220  213  207  201  196  194  190  190  189  184  185  181  185
  189  185  187  187  183  182  181  177  174  170  164  159  154  151  149  149
  149  149  150  152  153  152  154  157  161
    77.5-180.0 180.0   5.0 450.0                            LAT/LON1/LON2/DLON/H
  144  151  160  170  179  191  206  223  239  253  268  286  302  310  317  324
  331  335  337  334  327  332  348  330  320  310  296  284  273  261  251  241
  231  220  212  205  200  196  191  183  177  172  167  165  162  160  158  157
  159  159  161  165  168  165  165  165  163  159  155  149  143  138  135  133
  131  133  135  134  133  134  135  137  144
    75.0-180.0 180.0   5.0 450.0                            LAT/LON1/LON2/DLON/H
  129  139  147  158  168  183  202  217  235  258  283  303  317  329  344  360
  369  370  366  380  382  364  365  356  336  320  308  291  275  258  244  230
  216  205  197  193  187  184  181  178  174  168  160  156  153  149  145  143
  142  142  143  147  149  152  153  155  154  152  148  143  137  132  128  124
  121  121  121  119  118  120  119  123  129
    72.5-180.0 180.0   5.0 450.0                            LAT/LON1/LON2/DLON/H
  117  123  132  141  158  173  192  215  240  269  296  319  344  365  385  396
  405  416  433  433  417  408  398  383  360  338  317  305  285  266  250  235
  220  208  198  193  189  184  178  175  173  169  163  157  152  147  142  138
  135  134  134  136  139  143  144  146  146  146  143  139  135  129  125  119
  114  113  111  108  108  107  106  110  117
    70.0-180.0 180.0   5.0 450.0                            LAT/LON1/LON2/DLON/H
  106  112  124  134  152  172  196  225  253  282  312  342  370  397  418  434
  456  478  476  471  456  453  432  417  393  366  343  326  309  287  267  254
  240  231  222  216  208  198  189  183  175  172  165  160  154  149  143  137
  132  129  128  129  131  133  134  135  136  136  135  133  129  125  121  115
  110  108  105  102  102  100  101  102  106
    67.5-180.0 180.0   5.0 450.0                            LAT/LON1/LON2/DLON/H
  106  112  125  140  156  180  207  238  268  301  332  363  398  426  446  472
  498  506  508  507  493  482  460  449  429  403  384  365  347  329  310  293
  279  268  256  243  231  221  208  194  184  176  168  160  154  147  142  137
  130  126  122  121  121  121  121  122  123  123  122  121  119  116  113  109
  105  102  100   97   97   97   99  101  106
    65.0-180.0 180.0   5.0 450.0                            LAT/LON1/LON2/DLON/H
  108  118  133  150  170  195  221  253  284  319  352  386  420  449  475  499
  514  523  532  527  521  509  491  480  464  444  423  407  387  371  354  336
  324  308  287  267  251  239  222  204  190  179  169  159  152  144  137  131
  123  119  114  109  107  104  104  104  104  104  104  104  103  102  101   99
   96   95   94   93   94   96   99  101  108
    62.5-180.0 180.0   5.0 450.0                            LAT/LON1/LON2/DLON/H
  109  122  139  163  185  210  239  270  304  336  369  404  436  465  492  511
  523  533  539  537  534  527  517  505  490  471  452  436  421  405  387  372
  356  336  312  287  266  248  231  210  193  179  169  158  148  141  132  124
  116  110  103   96   91   87   86   86   86   86   86   87   87   88   87   87
   87   87   87   88   90   93   97  102  109
    60.0-180.0 180.0   5.0 450.0                            LAT/LON1/LON2/DLON/H
  109  124  147  171  200  227  258  289  319  351  385  418  447  478  502  520
  531  539  543  542  541  537  530  519  504  489  471  456  445  429  412  396
  376  353  328  302  277  254  233  213  195  181  167  156  147  137  129  119
  111  102   93   85   79   77   75   74   74   74   75   76   77   77   78   79
   81   82   83   85   87   89   93   99  109
    57.5-180.0 180.0   5.0 450.0                            LAT/LON1/LON2/DLON/H
  107  125  151  177  209  240  272  304  335  365  397  430  457  486  508  525
  536  543  546  546  544  539  532  523  512  498  485  471  460  446  428  408
  386  361  336  310  283  259  236  214  196  181  168  157  146  138  129  120
  111   99   90   82   78   76   75   74   73   73   74   76   76   77   78   80
   82   82   83   84   85   87   89   95  107
    55.0-180.0 180.0   5.0 450.0                            LAT/LON1/LON2/DLON/H
  104  123  149  181  216  252  284  317  349  377  409  438  466  491  514  531
  543  548  551  551  546  538  531  524  515  504  493  481  470  455  438  411
  388  363  338  312  287  263  240  220  201  185  172  161  150  141  132  123
  114  104   94   87   84   86   85   87   85   85   85   88   89   88   88   90
   88   88   88   87   85   84   85   91  104
    52.5-180.0 180.0   5.0 450.0                            LAT/LON1/LON2/DLON/H
  100  121  151  183  222  261  296  333  364  392  419  446  473  499  519  539
  550  557  558  557  547  538  529  522  515  507  498  490  480  465  444  417
  389  364  335  311  287  265  244  224  208  192  180  167  155  146  137  129
  121  113  106  102  101  105  105  108  107  107  107  110  111  107  107  107
  102   99   96   92   88   84   83   88  100
    50.0-180.0 180.0   5.0 450.0                            LAT/LON1/LON2/DLON/H
  101  121  150  189  230  271  311  347  379  406  431  455  481  505  528  546
  558  566  567  562  551  540  530  522  516  509  504  499  490  473  451  418
  389  362  334  309  288  268  250  231  215  199  186  173  163  153  144  137
  131  125  122  123  126  130  130  131  130  129  128  131  133  130  128  125
  119  112  108  101   95   89   85   89  101
    47.5-180.0 180.0   5.0 450.0                            LAT/LON1/LON2/DLON/H
  104  127  158  193  238  283  321  358  389  417  440  462  488  512  534  553
  568  576  577  572  560  546  535  525  520  517  514  510  502  484  460  426
  391  359  331  308  290  272  256  239  222  208  194  180  169  160  154  147
  142  138  137  141  144  148  149  150  150  148  145  147  148  148  145  140
  133  126  119  112  104   96   91   92  104
    45.0-180.0 180.0   5.0 450.0                            LAT/LON1/LON2/DLON/H
  111  135  166  206  250  294  335  370  401  428  452  472  494  516  539  561
  576  587  589  583  571  557  544  535  531  530  529  525  515  496  469  431
  395  363  334  311  294  279  265  249  233  217  201  188  177  170  164  161
  154  151  150  153  154  156  157  157  158  158  156  157  157  158  156  150
  144  138  129  122  114  105   99  102  111
    42.5-180.0 180.0   5.0 450.0                            LAT/LON1/LON2/DLON/H
  123  145  178  216  259  306  347  383  413  438  460  479  499  521  545  566
  583  597  601  598  587  574  561  552  548  547  545  539  526  505  478  444
  402  369  341  319  303  289  276  261  245  229  213  201  190  183  178  172
  166  161  157  156  154  153  153  151  151  152  154  155  157  160  160  155
  150  145  139  131  123  114  109  111  123
    40.0-180.0 180.0   5.0 450.0                            LAT/LON1/LON2/DLON/H
  131  156  188  227  268  316  357  391  421  446  466  485  505  525  548  571
  591  604  611  611  604  594  583  572  567  565  559  551  538  517  490  457
  421  390  358  337  321  307  294  280  265  254  234  222  211  202  194  184
  175  167  160  153  147  145  144  141  139  138  141  144  149  154  156  154
  150  147  143  138  130  121  116  119  131
    37.5-180.0 180.0   5.0 450.0                            LAT/LON1/LON2/DLON/H
  136  162  195  236  280  324  363  399  430  453  473  491  509  528  551  574
  594  609  618  621  619  613  603  593  587  583  576  566  553  532  507  479
  448  421  392  371  355  342  324  313  303  290  269  256  241  228  213  198
  184  172  159  148  141  138  137  133  129  129  131  135  139  146  149  150
  148  147  145  141  132  124  120  123  136
    35.0-180.0 180.0   5.0 450.0                            LAT/LON1/LON2/DLON/H
  138  166  200  242  285  328  367  402  433  458  480  498  516  535  556  577
  594  609  622  630  632  628  619  610  602  599  590  582  569  551  534  513
  489  468  443  422  405  390  372  364  355  343  320  301  283  262  239  218
  199  183  166  153  144  141  140  138  132  130  131  133  135  141  145  147
  149  150  147  142  133  124  121  125  138
    32.5-180.0 180.0   5.0 450.0                            LAT/LON1/LON2/DLON/H
  144  170  208  250  289  330  369  402  433  461  485  507  525  542  560  578
  594  610  624  635  639  636  629  619  611  607  602  595  588  578  572  559
  548  534  520  489  464  453  442  432  424  412  386  360  342  310  282  251
  226  206  191  179  171  170  171  168  161  153  150  147  145  146  147  149
  153  153  149  144  133  124  122  127  144
    30.0-180.0 180.0   5.0 450.0                            LAT/LON1/LON2/DLON/H
  149  179  218  259  300  335  371  405  436  465  492  517  537  553  565  580
  592  609  623  636  639  637  631  621  615  612  609  612  616  615  620  618
  622  623  609  584  539  524  517  509  504  479  449  423  402  369  333  301
  271  261  242  236  230  234  237  229  216  201  188  179  170  163  161  160
  162  161  154  147  135  126  125  131  149
    27.5-180.0 180.0   5.0 450.0                            LAT/LON1/LON2/DLON/H
  157  189  230  270  309  345  377  411  442  472  503  530  550  565  574  584
  593  607  621  634  637  635  630  623  618  618  621  633  655  668  687  697
  721  728  710  684  638  594  580  574  563  529  503  477  450  417  388  364
  343  332  324  319  315  320  324  311  290  267  244  223  205  193  182  180
  175  173  165  156  142  131  130  137  157
    25.0-180.0 180.0   5.0 450.0                            LAT/LON1/LON2/DLON/H
  167  201  245  286  323  355  385  420  452  481  517  548  568  583  587  592
  596  607  621  632  637  635  631  630  629  637  645  667  700  743  768  793
  828  842  830  792  727  678  649  639  605  575  544  512  481  459  449  432
  427  421  421  418  412  414  417  407  373  340  307  274  247  226  210  204
  195  186  178  169  152  140  138  147  167
    22.5-180.0 180.0   5.0 450.0                            LAT/LON1/LON2/DLON/H
  180  216  263  308  340  371  402  434  469  501  541  572  593  605  606  606
  608  616  630  640  645  645  646  653  662  674  690  725  767  816  863  902
  930  948  944  872  776  711  683  671  623  601  562  522  495  480  491  506
  498  498  506  503  500  497  499  477  442  404  363  323  288  258  235  223
  212  199  188  180  165  152  148  157  180
    20.0-180.0 180.0   5.0 450.0                            LAT/LON1/LON2/DLON/H
  193  232  279  327  363  392  426  460  499  531  570  602  620  633  634  629
  630  638  652  665  670  677  686  700  716  736  759  803  841  889  938  984
 1015 1019 1009  899  773  683  664  636  593  575  541  511  493  492  509  528
  526  534  553  551  545  538  535  510  475  438  393  353  314  278  251  234
  221  209  197  187  174  162  159  169  193
    17.5-180.0 180.0   5.0 450.0                            LAT/LON1/LON2/DLON/H
  205  244  295  344  384  418  452  490  533  570  603  635  656  665  668  661
  663  674  686  702  714  731  750  771  792  814  844  888  918  956  999 1039
 1056 1042 1001  891  769  661  607  553  531  513  489  472  467  476  484  492
  497  515  549  541  526  520  514  494  464  429  390  352  317  283  254  236
  222  213  205  192  180  171  169  180  205
    15.0-180.0 180.0   5.0 450.0                            LAT/LON1/LON2/DLON/H
  216  259  311  360  403  441  481  523  569  605  639  669  688  701  706  703
  707  723  738  756  775  802  833  859  879  911  930  966  988 1015 1039 1056
 1057 1029  972  877  747  642  568  502  457  437  417  409  411  424  416  421
  432  447  472  478  461  462  455  437  418  391  361  329  300  274  248  232
  221  216  207  196  184  176  177  190  216
    12.5-180.0 180.0   5.0 450.0                            LAT/LON1/LON2/DLON/H
  229  276  330  380  423  465  512  559  603  641  675  703  722  738  745  755
  760  779  798  821  849  882  919  948  966  986 1003 1023 1035 1051 1052 1051
 1030  994  937  842  725  625  541  465  411  379  352  343  342  344  333  344
  353  371  384  399  392  388  380  368  359  344  323  299  276  257  241  230
  222  216  207  198  186  179  182  200  229
    10.0-180.0 180.0   5.0 450.0                            LAT/LON1/LON2/DLON/H
  246  294  350  403  444  490  542  597  639  678  711  737  756  775  786  804
  815  840  866  894  926  961  996 1025 1040 1048 1053 1059 1064 1061 1046 1029
 1002  964  909  820  711  613  527  448  391  352  317  304  295  281  274  294
  300  317  327  336  339  333  326  316  315  308  295  278  261  247  238  230
  223  218  210  200  189  183  188  211  246
     7.5-180.0 180.0   5.0 450.0                            LAT/LON1/LON2/DLON/H
  261  315  372  424  471  520  574  630  677  714  750  776  792  816  832  853
  873  901  936  973 1006 1040 1072 1090 1092 1091 1085 1085 1079 1056 1026 1003
  977  944  894  819  720  621  538  463  407  363  326  313  296  278  269  278
  286  299  313  320  319  312  307  298  299  298  287  275  265  257  247  239
  233  228  220  209  197  191  199  224  261
     5.0-180.0 180.0   5.0 450.0                            LAT/LON1/LON2/DLON/H
  277  332  390  444  495  548  603  659  708  750  790  812  831  857  877  901
  930  966 1001 1049 1085 1115 1134 1136 1123 1113 1103 1096 1081 1048 1015  987
  959  933  893  831  749  663  587  513  456  414  380  361  342  328  321  322
  331  344  347  345  339  330  326  319  318  315  305  295  287  283  273  262
  254  249  238  226  212  203  208  235  277
     2.5-180.0 180.0   5.0 450.0                            LAT/LON1/LON2/DLON/H
  290  344  404  459  513  566  622  682  734  778  818  846  868  895  924  950
  983 1022 1059 1111 1145 1162 1164 1151 1134 1117 1104 1095 1076 1050 1016  986
  958  936  904  852  787  723  655  581  533  499  461  443  431  428  426  428
  438  443  423  408  399  384  380  372  367  360  349  338  324  317  306  295
  286  277  263  246  229  218  220  246  290
