Assets/GIM/IGS0OPSRAP_20242180000_01D_02H_GIM.INX
     1.0            IONOSPHERE MAPS     MIX                 IONEX VERSION / TYPE
tecrms2ionex_2.awk  SRRC/UWM           08/07/24  508UT      PGM / RUN BY / DATE
Global ionosphere maps for day 218, 2024 ( 5- 8-2024)       DESCRIPTION
IONEX file containing the COMBINED IGS Ionosphere maps      DESCRIPTION
from the combination of all available IAACS                 DESCRIPTION
Contact address: Andrzej Krankowski                         DESCRIPTION
                 Space Radio-Diagnostics Research Centre    DESCRIPTION
                 University of Warmia and Mazury (SRRC/UWM) DESCRIPTION
                 Oczapowski St. 1                           DESCRIPTION
                 10-957-Olsztyn, POLAND                     DESCRIPTION
                 e-mail:  kand@uwm.edu.pl                   DESCRIPTION
                                                            DESCRIPTION
  2024     8     5     0     0     0                        EPOCH OF FIRST MAP
  2024     8     6     0     0     0                        EPOCH OF LAST MAP
  7200                                                      INTERVAL
    13                                                      # OF MAPS IN FILE
  COSZ                                                      MAPPING FUNCTION
     0.0                                                    ELEVATION CUTOFF
Combined TEC calculated as weighted mean of input TEC valuesOBSERVABLES USED
   248                                                      # OF STATIONS
    31                                                      # OF SATELLITES
  6371.0                                                    BASE RADIUS
     2                                                      MAP DIMENSION
   450.0 450.0   0.0                                        HGT1 / HGT2 / DHGT
    87.5 -87.5  -2.5                                        LAT1 / LAT2 / DLAT
  -180.0 180.0   5.0                                        LON1 / LON2 / DLON
    -1                                                      EXPONENT
TEC values in  0.1 TECUs; 9999 if no value available        COMMENT
DCB values in nanoseconds, reference is Sum_of_SatDCBs = 0  COMMENT
                                                            END OF HEADER
[from data line 4719]
    12                                                      START OF TEC MAP
  2024     8     5    22     0     0                        EPOCH OF CURRENT MAP
    87.5-180.0 180.0   5.0 450.0                            LAT/LON1/LON2/DLON/H
  192  192  192  192  192  192  192  193  193  193  194  194  194  194  195  195
  195  195  195  195  195  195  194  194  193  193  192  192  191  190  190  189
  189  188  188  187  187  186  186  185  185  185  185  184  184  184  184  184
  185  185  185  185  186  186  187  187  187  188  188  188  189  189  189  189
  190  190  190  191  191  191  191  191  192
    85.0-180.0 180.0   5.0 450.0                            LAT/LON1/LON2/DLON/H
  196  196  196  195  197  197  197  198  199  200  201  201  203  204  205  205
  206  207  207  207  207  207  206  205  204  202  201  200  199  197  195  194
  192  191  189  189  188  187  186  185  184  184  183  183  183  183  184  184
  184  185  185  186  187  187  188  189  191  191  192  193  194  195  195  196
  196  197  197  197  196  197  196  196  196
    82.5-180.0 180.0   5.0 450.0                            LAT/LON1/LON2/DLON/H
  201  200  199  199  199  199  200  201  203  205  208  210  213  215  217  219
  220  221  222  222  222  222  220  219  217  215  213  210  208  205  202  199
  197  195  193  191  189  188  187  187  185  185  185  185  185  185  185  185
  186  187  188  189  190  192  193  195  196  198  199  200  202  203  204  205
  206  206  205  205  204  204  203  202  201
    80.0-180.0 180.0   5.0 450.0                            LAT/LON1/LON2/DLON/H
  206  204  203  201  201  201  202  204  207  209  214  218  222  226  230  233
  236  238  239  240  239  238  236  234  231  228  225  221  218  213  210  206
  202  199  196  194  192  190  189  188  188  188  188  188  188  188  188  189
  190  190  191  193  194  196  197  200  201  204  207  209  211  212  214  215
  216  215  215  214  213  211  210  208  206
    77.5-180.0 180.0   5.0 450.0                            LAT/LON1/LON2/DLON/H
  210  207  205  202  201  201  202  204  208  212  218  224  230  236  242  247
  250  253  254  255  255  253  251  247  243  240  236  231  226  221  217  211
  207  203  199  196  193  191  190  190  189  189  189  189  189  190  190  191
  191  193  194  195  197  199  201  203  206  209  212  215  217  220  222  223
  224  224  223  222  220  218  216  213  210
    75.0-180.0 180.0   5.0 450.0                            LAT/LON1/LON2/DLON/H
  213  210  206  203  201  200  201  203  207  213  221  228  236  244  251  257
  262  265  266  266  265  263  261  257  253  249  244  239  234  228  222  217
  211  206  201  197  194  192  190  189  188  189  189  189  190  189  190  191
  192  192  194  195  197  200  202  205  208  211  215  218  221  224  225  227
  228  228  228  227  225  223  220  217  213
    72.5-180.0 180.0   5.0 450.0                            LAT/LON1/LON2/DLON/H
  217  212  208  205  201  200  200  202  207  213  221  231  240  249  257  263
  268  271  273  272  271  270  268  264  259  255  250  245  239  233  227  220
  214  208  202  198  194  190  188  187  187  186  186  186  186  186  186  186
  187  189  191  193  195  197  201  204  208  212  216  219  222  225  226  228
  228  229  229  228  228  226  223  220  217
    70.0-180.0 180.0   5.0 450.0                            LAT/LON1/LON2/DLON/H
  219  215  211  207  203  201  200  202  206  213  220  230  240  249  258  265
  270  273  274  275  274  272  270  267  262  258  253  248  243  237  230  223
  216  210  204  198  194  189  186  185  184  182  182  181  180  180  179  180
  180  182  184  186  189  192  196  200  205  210  214  218  221  223  225  225
  226  226  227  227  226  226  225  222  219
    67.5-180.0 180.0   5.0 450.0                            LAT/LON1/LON2/DLON/H
  221  218  214  210  206  203  201  201  205  211  219  228  238  247  255  262
  267  271  272  274  274  273  271  269  264  260  256  251  246  240  234  227
  219  212  206  199  194  189  185  182  180  178  176  174  173  171  170  170
  170  172  174  177  180  184  188  194  200  206  211  216  220  222  223  223
  223  223  224  224  225  225  224  223  221
    65.0-180.0 180.0   5.0 450.0                            LAT/LON1/LON2/DLON/H
  223  220  217  213  209  205  203  202  204  209  216  224  234  242  250  256
  262  266  269  271  273  273  272  270  266  262  257  252  247  242  236  230
  223  216  209  202  196  190  186  181  177  174  171  168  165  163  161  160
  160  161  162  164  167  171  176  183  192  200  208  215  219  222  222  222
  222  221  222  222  223  224  224  224  223
    62.5-180.0 180.0   5.0 450.0                            LAT/LON1/LON2/DLON/H
  224  222  219  216  212  208  205  203  204  207  213  220  228  236  243  249
  255  260  265  268  272  274  274  272  268  263  258  253  249  245  239  234
  228  221  214  207  201  194  188  182  178  173  169  164  160  156  153  150
  149  148  148  150  152  157  163  171  182  193  205  214  220  223  225  224
  224  224  224  224  224  225  225  224  224
    60.0-180.0 180.0   5.0 450.0                            LAT/LON1/LON2/DLON/H
  225  223  221  217  214  210  207  204  204  205  210  215  222  230  237  243
  249  255  261  267  271  274  275  274  270  264  259  255  251  247  243  238
  233  227  221  214  207  200  193  186  180  174  168  163  157  152  148  145
  142  139  137  137  137  142  149  160  173  188  203  216  224  230  232  233
  233  233  233  233  232  230  229  226  225
    57.5-180.0 180.0   5.0 450.0                            LAT/LON1/LON2/DLON/H
  229  226  223  220  216  212  208  205  203  204  207  212  217  224  230  237
  244  251  257  265  271  276  278  276  272  267  262  258  254  251  248  243
  239  235  229  223  215  206  198  191  184  178  171  164  157  152  147  143
  139  134  130  127  127  130  138  150  166  185  203  219  231  240  243  247
  248  249  249  248  245  242  237  233  229
    55.0-180.0 180.0   5.0 450.0                            LAT/LON1/LON2/DLON/H
  237  231  227  223  219  216  211  208  206  206  207  209  214  219  225  233
  239  247  255  263  271  276  279  278  274  270  266  263  260  256  253  249
  246  241  236  229  221  213  203  196  189  183  175  168  161  156  150  145
  140  133  127  122  120  123  131  144  162  184  205  224  240  251  259  264
  269  271  273  271  266  260  251  244  237
    52.5-180.0 180.0   5.0 450.0                            LAT/LON1/LON2/DLON/H
  252  243  236  230  225  221  217  214  211  210  210  211  213  217  223  229
  236  244  252  260  269  275  279  279  277  274  271  269  267  264  259  255
  249  245  240  234  225  216  208  200  195  188  181  173  167  161  156  151
  145  137  130  124  121  122  129  143  161  184  208  230  249  264  276  286
  294  299  302  300  294  284  273  262  252
    50.0-180.0 180.0   5.0 450.0                            LAT/LON1/LON2/DLON/H
  273  261  252  244  237  231  228  224  222  220  218  217  217  218  222  227
  234  241  248  257  266  273  278  279  279  278  278  277  275  271  265  258
  252  247  242  236  228  219  211  205  199  193  187  180  174  169  165  161
  156  148  139  131  126  127  133  144  162  184  209  234  256  275  292  306
  318  328  333  332  325  314  301  286  273
    47.5-180.0 180.0   5.0 450.0                            LAT/LON1/LON2/DLON/H
  302  288  275  264  254  248  243  241  239  236  232  228  223  222  224  229
  234  240  247  255  263  271  277  281  283  285  286  286  283  276  268  258
  251  245  242  236  230  222  215  210  205  199  192  186  181  178  176  173
  168  161  151  143  137  135  139  148  164  184  209  235  261  284  304  323
  340  353  361  363  359  347  333  317  302
    45.0-180.0 180.0   5.0 450.0                            LAT/LON1/LON2/DLON/H
  338  322  307  292  279  271  266  264  263  259  252  244  236  231  230  232
  237  242  247  255  263  273  280  285  289  292  295  294  289  279  268  256
  248  244  241  238  233  228  223  218  214  207  200  193  189  187  187  186
  183  175  165  156  149  146  147  153  165  184  207  234  261  288  312  335
  356  373  385  390  388  380  367  353  338
    42.5-180.0 180.0   5.0 450.0                            LAT/LON1/LON2/DLON/H
  377  361  344  326  311  300  295  293  292  288  278  265  252  243  239  240
  244  247  252  259  267  277  284  291  296  300  302  300  292  279  265  254
  247  244  245  244  243  241  237  233  227  220  211  203  198  198  199  199
  197  190  180  170  162  157  155  157  165  180  203  230  259  288  315  342
  365  386  402  411  414  410  402  391  377
    40.0-180.0 180.0   5.0 450.0                            LAT/LON1/LON2/DLON/H
  416  401  383  363  345  334  328  328  327  321  308  291  272  259  253  253
  255  258  262  268  276  285  293  300  305  307  307  302  292  278  265  254
  249  251  255  259  260  260  258  255  249  238  227  217  211  210  212  213
  211  205  195  184  175  168  163  161  164  176  197  225  256  287  316  343
  369  392  411  425  433  435  433  426  416
    37.5-180.0 180.0   5.0 450.0                            LAT/LON1/LON2/DLON/H
  452  440  422  401  382  369  364  364  364  357  342  319  296  279  271  270
  271  273  275  280  287  295  303  309  312  312  309  302  291  278  267  261
  261  267  275  281  286  288  287  283  276  264  249  236  228  225  225  226
  225  218  208  197  186  178  169  165  165  175  194  222  254  285  315  343
  370  394  415  433  446  455  460  458  452
    35.0-180.0 180.0   5.0 450.0                            LAT/LON1/LON2/DLON/H
  484  474  457  437  418  405  399  400  399  394  377  351  324  304  294  293
  292  292  293  295  300  306  312  315  316  313  307  299  290  281  276  276
  282  292  302  311  316  319  319  317  309  296  279  262  250  243  240  240
  238  230  219  207  195  185  176  168  166  174  194  222  254  286  315  343
  369  394  416  437  455  470  481  486  484
    32.5-180.0 180.0   5.0 450.0                            LAT/LON1/LON2/DLON/H
  508  502  488  469  451  439  434  435  436  429  413  385  356  334  323  320
  317  314  312  310  311  313  315  317  315  309  301  295  290  290  293  301
  311  323  333  341  347  349  351  350  344  332  312  291  274  262  257  255
  252  243  229  215  201  190  180  172  170  177  196  225  257  288  317  343
  369  393  416  438  460  480  497  507  508
    30.0-180.0 180.0   5.0 450.0                            LAT/LON1/LON2/DLON/H
  526  523  514  499  483  472  466  466  468  466  450  424  394  371  358  351
  345  338  330  323  318  315  313  312  310  303  296  292  295  304  316  329
  343  354  362  367  372  374  375  377  373  362  341  318  297  282  274  269
  265  255  238  220  204  192  183  175  174  183  202  230  262  293  320  345
  368  391  414  437  462  486  506  520  526
    27.5-180.0 180.0   5.0 450.0                            LAT/LON1/LON2/DLON/H
  536  538  534  525  514  503  497  497  500  501  491  468  441  417  400  388
  376  363  349  335  322  313  308  306  305  299  295  295  305  323  342  360
  372  378  382  384  387  387  387  390  389  380  361  337  316  299  289  285
  279  266  245  224  206  192  184  178  178  187  207  235  266  296  322  346
  369  391  413  437  462  488  511  527  536
    25.0-180.0 180.0   5.0 450.0                            LAT/LON1/LON2/DLON/H
  540  548  551  549  543  535  529  529  534  539  536  519  496  471  450  429
  410  389  368  346  325  310  303  302  304  303  303  307  322  344  367  384
  393  392  388  387  387  385  383  384  386  380  364  344  327  312  302  299
  292  277  253  228  208  193  184  180  181  189  207  235  267  297  324  346
  368  390  412  437  462  488  511  528  540
    22.5-180.0 180.0   5.0 450.0                            LAT/LON1/LON2/DLON/H
  541  554  565  570  571  568  564  565  571  582  586  579  561  536  508  478
  447  419  390  359  331  311  303  307  315  321  324  331  346  367  386  399
  400  391  381  375  372  367  361  359  360  358  349  339  328  320  313  309
  304  287  260  232  210  194  185  180  180  186  203  231  263  295  322  346
  368  391  414  438  464  489  511  527  541
    20.0-180.0 180.0   5.0 450.0                            LAT/LON1/LON2/DLON/H
  543  559  577  590  598  602  603  605  615  630  642  644  632  608  573  532
  491  454  418  380  345  322  316  326  342  354  361  365  374  387  398  401
  393  376  359  350  344  333  320  315  316  319  320  321  323  321  318  318
  313  296  268  239  215  198  187  179  175  178  192  219  254  287  318  345
  370  394  418  444  469  493  513  528  543
    17.5-180.0 180.0   5.0 450.0                            LAT/LON1/LON2/DLON/H
  549  568  589  609  625  636  645  652  664  683  701  712  707  683  642  592
  543  498  456  412  372  347  345  360  382  399  405  404  402  400  398  389
  371  347  327  316  307  290  272  263  265  275  286  301  313  319  321  322
  317  301  275  248  223  204  190  178  169  167  178  205  241  279  314  344
  372  399  426  455  481  505  522  535  549
    15.0-180.0 180.0   5.0 450.0                            LAT/LON1/LON2/DLON/H
  563  581  605  629  651  670  688  701  716  737  760  777  778  757  714  658
  603  555  507  459  416  390  389  407  432  449  450  439  424  406  387  366
  338  310  291  280  269  250  229  218  223  239  261  284  303  314  319  321
  317  302  279  254  230  210  193  177  164  157  164  190  228  270  310  345
  375  406  438  470  499  523  539  550  563
    12.5-180.0 180.0   5.0 450.0                            LAT/LON1/LON2/DLON/H
  586  603  625  650  676  705  731  751  768  788  812  835  842  826  784  728
  673  623  574  524  479  452  448  463  483  493  487  466  436  403  369  336
  302  274  259  254  244  225  204  194  202  226  254  278  297  309  315  316
  310  295  275  255  233  213  194  175  158  147  153  177  216  262  307  346
  381  417  453  489  521  546  563  573  586
    10.0-180.0 180.0   5.0 450.0                            LAT/LON1/LON2/DLON/H
  614  630  650  675  705  741  775  799  814  831  853  877  889  881  847  797
  748  702  656  605  559  528  517  521  529  527  508  476  437  393  349  308
  273  250  244  246  242  227  209  202  215  242  268  286  297  304  307  305
  295  280  264  247  229  210  192  172  154  142  145  168  207  255  305  348
  388  428  470  510  546  573  590  602  614
     7.5-180.0 180.0   5.0 450.0                            LAT/LON1/LON2/DLON/H
  644  661  680  703  735  776  816  843  855  864  880  901  917  915  892  855
  817  781  740  694  648  612  590  578  565  545  514  475  431  384  337  295
  263  247  252  264  268  260  248  243  256  281  300  304  300  298  295  287
  273  257  242  228  213  199  183  166  149  139  140  162  200  250  303  351
  395  439  485  529  567  596  615  630  644
     5.0-180.0 180.0   5.0 450.0                            LAT/LON1/LON2/DLON/H
  672  691  710  734  768  812  855  882  888  885  890  905  921  926  914  892
  869  845  814  775  732  692  657  626  593  555  513  470  429  387  345  308
  281  274  288  310  322  321  311  303  312  331  338  326  304  289  277  262
  243  225  210  199  189  180  169  155  143  135  137  156  193  244  299  351
  399  447  497  544  583  613  635  654  672
     2.5-180.0 180.0   5.0 450.0                            LAT/LON1/LON2/DLON/H
  695  719  741  765  801  847  892  917  915  898  887  889  902  910  908  901
  894  884  864  833  795  754  710  663  612  560  511  471  437  407  378  352
  334  332  349  373  388  389  377  364  364  375  370  341  304  275  255  233
  209  188  175  166  161  157  150  141  132  129  133  150  184  235  293  349
  401  453  505  553  591  620  645  668  695
