Assets/GIM/IGS0OPSRAP_20242420000_01D_02H_GIM.INX
     1.0            IONOSPHERE MAPS     MIX                 IONEX VERSION / TYPE
tecrms2ionex_2.awk  SRRC/UWM           08/31/24  508UT      PGM / RUN BY / DATE
Global ionosphere maps for day 242, 2024 (29- 8-2024)       DESCRIPTION
IONEX file containing the COMBINED IGS Ionosphere maps      DESCRIPTION
from the combination of all available IAACS                 DESCRIPTION
Contact address: Andrzej Krankowski                         DESCRIPTION
                 Space Radio-Diagnostics Research Centre    DESCRIPTION
                 University of Warmia and Mazury (SRRC/UWM) DESCRIPTION
                 Oczapowski St. 1                           DESCRIPTION
                 10-957-Olsztyn, POLAND                     DESCRIPTION
                 e-mail:  kand@uwm.edu.pl                   DESCRIPTION
                                                            DESCRIPTION
  2024     8    29     0     0     0                        EPOCH OF FIRST MAP
  2024     8    30     0     0     0                        EPOCH OF LAST MAP
  7200                                                      INTERVAL
    13                                                      # OF MAPS IN FILE
  COSZ                                                      MAPPING FUNCTION
     0.0                                                    ELEVATION CUTOFF
Combined TEC calculated as weighted mean of input TEC valuesOBSERVABLES USED
   255                                                      # OF STATIONS
    31                                                      # OF SATELLITES
  6371.0                                                    BASE RADIUS
     2                                                      MAP DIMENSION
   450.0 450.0   0.0                                        HGT1 / HGT2 / DHGT
    87.5 -87.5  -2.5                                        LAT1 / LAT2 / DLAT
  -180.0 180.0   5.0                                        LON1 / LON2 / DLON
    -1                                                      EXPONENT
TEC values in  0.1 TECUs; 9999 if no value available        COMMENT
DCB values in nanoseconds, reference is Sum_of_SatDCBs = 0  COMMENT
                                                            END OF HEADER
[from data line 2574]
     7                                                      START OF TEC MAP
  2024     8    29    12     0     0                        EPOCH OF CURRENT MAP
    87.5-180.0 180.0   5.0 450.0                            LAT/LON1/LON2/DLON/H
  177  178  178  179  179  180  181  182  183  184  185  186  187  188  190  191
  191  193  194  195  195  196  197  198  199  199  200  201  201  201  202  203
  203  203  203  203  204  204  204  203  203  203  203  202  201  201  200  199
  199  198  197  195  195  194  193  191  190  189  188  186  185  184  183  182
  181  180  179  179  178  178  178  177  177
    85.0-180.0 180.0   5.0 450.0                            LAT/LON1/LON2/DLON/H
  163  164  165  166  167  169  171  173  176  178  180  183  185  187  189  191
  193  195  197  198  200  201  203  204  205  206  207  208  209  210  211  212
  213  213  214  214  215  216  215  216  215  215  215  214  213  213  212  211
  209  208  207  205  203  202  200  197  195  192  190  187  185  182  179  176
  174  172  170  168  166  165  164  163  163
    82.5-180.0 180.0   5.0 450.0                            LAT/LON1/LON2/DLON/H
  152  152  152  154  156  159  162  166  169  174  177  181  185  188  191  194
  196  198  200  202  203  205  206  207  209  210  212  214  215  216  218  219
  221  222  224  225  226  227  227  228  228  229  228  228  228  227  226  225
  224  222  221  220  218  216  214  211  209  205  201  198  194  189  184  179
  175  170  166  163  159  156  153  152  152
    80.0-180.0 180.0   5.0 450.0                            LAT/LON1/LON2/DLON/H
  143  143  143  144  147  150  155  159  164  169  175  179  184  189  192  196
  198  200  203  204  205  206  207  209  210  212  213  216  218  220  222  224
  227  229  231  233  236  237  239  240  241  241  242  242  243  242  242  241
  241  240  240  239  238  236  235  232  230  226  222  217  212  205  199  192
  185  178  171  165  159  153  149  146  143
    77.5-180.0 180.0   5.0 450.0                            LAT/LON1/LON2/DLON/H
  143  139  139  139  140  143  147  152  159  164  171  176  182  187  191  195
  198  200  203  204  205  207  207  209  211  213  215  217  220  223  225  229
  231  234  238  241  243  246  248  251  252  254  255  256  257  257  257  258
  258  259  260  260  261  261  260  259  257  254  250  245  239  231  223  214
  205  195  186  177  169  160  153  147  143
    75.0-180.0 180.0   5.0 450.0                            LAT/LON1/LON2/DLON/H
  148  142  138  136  136  138  142  146  152  158  164  171  178  183  188  192
  196  199  201  203  205  206  208  210  212  214  216  218  221  224  226  230
  233  237  240  244  248  252  255  259  261  264  266  268  269  270  272  273
  275  276  279  281  284  286  287  287  286  284  279  275  268  260  251  242
  231  220  208  197  185  175  164  155  148
    72.5-180.0 180.0   5.0 450.0                            LAT/LON1/LON2/DLON/H
  158  148  142  137  134  135  136  140  145  151  157  163  170  176  182  187
  192  196  199  202  205  207  209  212  214  216  217  219  221  223  226  228
  232  235  240  245  249  254  259  263  268  271  274  276  279  281  282  285
  287  291  295  298  303  306  308  311  310  309  305  300  293  286  277  266
  255  243  231  218  206  193  180  169  158
    70.0-180.0 180.0   5.0 450.0                            LAT/LON1/LON2/DLON/H
  170  158  149  141  136  133  133  135  138  143  148  153  159  165  172  179
  185  190  196  200  204  208  211  214  216  218  219  220  221  221  222  224
  227  231  236  242  247  254  260  265  270  275  279  282  285  287  290  294
  297  301  306  311  316  320  324  325  325  323  320  315  308  300  291  281
  271  260  247  235  222  209  196  182  170
    67.5-180.0 180.0   5.0 450.0                            LAT/LON1/LON2/DLON/H
  178  166  155  145  138  133  131  131  131  134  138  142  148  154  161  168
  176  183  190  196  202  208  211  215  217  219  219  219  218  217  217  218
  220  225  229  236  243  249  256  263  269  275  281  286  289  293  296  300
  303  308  312  318  322  326  329  329  328  325  320  315  308  300  291  282
  271  261  250  240  229  218  206  192  178
    65.0-180.0 180.0   5.0 450.0                            LAT/LON1/LON2/DLON/H
  182  170  158  148  140  133  129  126  125  126  128  130  134  140  147  155
  164  173  182  191  197  204  209  214  216  218  217  216  214  213  213  213
  216  219  224  230  237  244  253  261  269  276  282  288  293  298  302  305
  309  313  316  320  323  325  325  323  320  315  309  302  293  285  276  266
  256  246  237  230  223  215  205  194  182
    62.5-180.0 180.0   5.0 450.0                            LAT/LON1/LON2/DLON/H
  178  167  156  147  137  131  126  122  118  117  117  118  120  126  133  142
  153  163  173  182  190  198  203  209  213  213  213  213  212  211  212  212
  214  218  222  227  233  241  250  259  269  278  286  293  299  305  309  314
  317  319  320  321  322  320  318  313  307  299  291  282  274  264  253  241
  229  218  210  205  202  200  194  187  178
    60.0-180.0 180.0   5.0 450.0                            LAT/LON1/LON2/DLON/H
  167  159  150  142  134  127  121  116  112  108  107  106  108  113  120  130
  140  152  163  173  182  189  196  202  207  209  210  211  212  214  215  218
  221  224  227  230  234  242  251  262  273  284  294  303  310  316  321  325
  327  327  326  324  321  318  313  305  297  287  277  267  258  247  234  219
  204  190  181  177  177  178  176  174  167
    57.5-180.0 180.0   5.0 450.0                            LAT/LON1/LON2/DLON/H
  154  149  141  135  128  122  115  109  104  100   96   95   96  101  108  118
  130  142  153  163  173  181  189  196  201  206  209  213  218  223  227  232
  236  238  239  239  241  248  257  268  283  295  307  317  326  332  337  340
  340  339  335  331  326  320  313  306  295  285  275  264  254  243  227  208
  189  172  160  155  154  158  159  158  154
    55.0-180.0 180.0   5.0 450.0                            LAT/LON1/LON2/DLON/H
  145  140  134  129  123  117  111  104   97   92   87   86   86   91   98  109
  121  134  146  156  165  175  183  191  199  207  214  222  230  239  248  253
  257  258  256  254  254  258  268  282  298  313  326  338  346  353  357  358
  357  353  347  341  335  330  324  317  309  299  290  280  270  258  241  219
  194  172  156  147  145  148  149  148  145
    52.5-180.0 180.0   5.0 450.0                            LAT/LON1/LON2/DLON/H
  144  138  132  128  122  116  109  100   93   86   81   79   79   83   90  102
  115  129  141  153  163  172  181  191  202  213  224  236  249  261  271  278
  282  281  277  272  270  274  285  300  318  335  350  361  370  377  379  379
  376  370  363  356  350  346  343  339  333  326  317  309  301  288  272  249
  222  195  174  161  155  153  152  149  144
    50.0-180.0 180.0   5.0 450.0                            LAT/LON1/LON2/DLON/H
  154  145  138  134  127  120  112  102   93   85   79   75   74   77   85   97
  111  127  141  153  164  173  184  196  210  224  239  255  270  285  296  304
  308  305  298  292  288  292  304  322  342  360  375  387  396  400  402  400
  394  386  378  371  367  367  367  366  363  356  349  342  334  324  309  288
  261  232  208  191  181  175  169  162  154
    47.5-180.0 180.0   5.0 450.0                            LAT/LON1/LON2/DLON/H
  172  160  152  146  139  130  120  108   97   89   82   77   74   77   84   95
  111  128  143  157  169  180  192  206  222  240  258  275  292  306  319  326
  328  325  319  312  307  312  325  345  368  388  403  415  423  425  425  420
  412  402  394  387  385  387  389  390  388  383  375  367  360  351  339  322
  298  270  246  227  214  205  196  185  172
    45.0-180.0 180.0   5.0 450.0                            LAT/LON1/LON2/DLON/H
  194  180  171  163  155  145  133  120  108   98   90   83   80   80   86   97
  114  132  150  165  178  190  203  220  238  258  278  296  311  324  336  342
  345  342  337  331  328  334  348  371  395  416  433  445  451  452  449  441
  432  420  410  403  401  404  407  408  404  397  386  376  367  360  353  339
  321  298  276  258  246  235  223  208  194
    42.5-180.0 180.0   5.0 450.0                            LAT/LON1/LON2/DLON/H
  211  197  188  180  173  162  149  135  123  112  103   96   90   88   92  102
  119  139  159  176  190  203  219  236  256  277  298  315  328  338  347  354
  358  358  355  351  351  358  375  399  425  448  466  478  483  481  475  465
  453  440  429  421  418  419  420  418  411  397  382  366  354  346  341  334
  321  304  287  274  264  255  243  227  211
    40.0-180.0 180.0   5.0 450.0                            LAT/LON1/LON2/DLON/H
  220  208  199  193  187  178  165  152  140  130  121  113  105  101  101  110
  126  148  170  189  204  220  235  253  274  296  316  331  341  350  357  364
  371  374  376  376  378  388  406  432  459  484  504  516  519  516  507  494
  480  467  454  445  440  438  435  428  414  395  373  351  333  322  318  313
  304  292  281  272  267  260  250  235  220
    37.5-180.0 180.0   5.0 450.0                            LAT/LON1/LON2/DLON/H
  219  209  203  200  196  188  178  167  157  149  141  133  124  117  115  120
  136  158  182  203  222  238  254  271  291  314  332  347  355  360  367  376
  387  396  403  408  415  426  446  472  500  528  549  562  565  558  546  531
  517  503  491  481  474  468  460  447  428  404  376  348  324  309  301  296
  288  278  269  263  260  254  245  232  219
    35.0-180.0 180.0   5.0 450.0                            LAT/LON1/LON2/DLON/H
  213  204  199  198  196  193  185  178  171  167  161  155  146  137  131  134
  146  169  195  220  240  257  272  288  307  329  348  361  368  372  379  392
  409  426  440  451  462  475  494  520  549  578  602  615  617  608  595  579
  566  555  544  535  527  517  505  487  463  435  404  372  344  324  312  302
  292  279  269  262  257  250  239  225  213
    32.5-180.0 180.0   5.0 450.0                            LAT/LON1/LON2/DLON/H
  214  202  196  193  192  190  187  183  180  180  178  174  167  157  149  148
  159  181  208  236  260  279  293  306  323  342  361  375  382  388  398  416
  440  466  489  507  521  534  553  577  606  635  661  675  676  666  653  640
  630  624  616  609  600  591  576  554  527  498  469  438  409  385  365  348
  330  313  297  285  274  262  246  228  214
    30.0-180.0 180.0   5.0 450.0                            LAT/LON1/LON2/DLON/H
  232  214  202  193  190  187  185  184  186  188  191  190  185  176  166  161
  170  191  221  253  281  301  314  325  338  356  375  391  400  408  423  448
  482  518  550  575  591  604  618  639  666  696  722  737  739  731  721  713
  709  708  706  702  696  686  670  645  616  589  564  538  510  484  460  436
  412  387  363  342  321  301  278  254  232
    27.5-180.0 180.0   5.0 450.0                            LAT/LON1/LON2/DLON/H
  278  249  226  209  198  191  187  186  187  193  197  199  196  189  178  172
  179  200  231  268  300  322  334  343  354  370  389  407  422  435  455  489
  534  582  623  655  671  679  688  703  727  755  782  799  803  799  795  794
  798  803  805  803  799  790  772  743  710  683  662  643  622  598  572  544
  515  487  457  429  401  373  342  310  278
    25.0-180.0 180.0   5.0 450.0                            LAT/LON1/LON2/DLON/H
  354  312  275  245  224  209  199  193  192  195  200  202  202  195  186  179
  185  206  240  280  316  341  353  359  369  384  405  427  447  467  494  538
  594  653  703  738  753  753  755  765  784  810  837  855  864  867  870  876
  886  896  899  898  895  885  864  829  790  760  742  728  713  694  670  642
  614  584  553  523  493  464  432  394  354
    22.5-180.0 180.0   5.0 450.0                            LAT/LON1/LON2/DLON/H
  444  395  347  305  272  247  227  213  205  201  200  202  201  196  187  181
  187  209  244  288  328  355  368  375  384  400  422  448  474  502  538  591
  657  725  781  817  826  821  816  822  836  859  883  903  917  926  936  950
  963  972  975  972  967  956  930  885  835  796  774  762  753  740  721  699
  676  651  625  598  575  552  525  488  444
    20.0-180.0 180.0   5.0 450.0                            LAT/LON1/LON2/DLON/H
  528  478  426  379  338  304  273  247  226  212  205  201  199  194  185  179
  186  208  244  290  332  361  377  386  397  414  440  471  504  540  585  646
  719  791  849  881  886  876  868  869  880  898  920  941  959  974  989 1004
 1016 1021 1020 1013 1004  989  956  899  834  780  747  731  723  715  704  690
  675  661  645  631  622  613  597  569  528
    17.5-180.0 180.0   5.0 450.0                            LAT/LON1/LON2/DLON/H
  584  541  493  447  407  370  332  295  260  232  214  204  198  191  182  177
  182  204  241  286  330  362  381  394  408  429  458  494  534  578  631  698
  774  845  899  926  925  914  907  907  915  929  948  969  989 1006 1021 1033
 1039 1037 1029 1018 1007  988  947  878  798  726  676  650  640  634  627  620
  614  607  603  603  613  625  629  615  584
    15.0-180.0 180.0   5.0 450.0                            LAT/LON1/LON2/DLON/H
  595  566  531  496  464  430  392  347  301  260  230  212  201  191  180  174
  179  199  235  279  323  358  382  400  419  444  477  519  565  616  673  742
  817  884  928  946  944  936  932  934  940  951  967  986 1006 1021 1031 1037
 1035 1025 1011  999  986  964  918  840  745  655  587  549  533  527  522  518
  516  516  518  531  555  586  608  610  595
    12.5-180.0 180.0   5.0 450.0                            LAT/LON1/LON2/DLON/H
  556  543  527  511  495  472  440  395  342  289  249  225  210  196  183  174
  176  194  228  271  314  351  379  405  430  460  498  545  595  650  711  780
  848  905  938  948  944  942  944  948  955  963  976  994 1010 1020 1025 1023
 1014  999  982  969  956  934  886  803  697  593  509  460  438  429  422  418
  417  417  424  442  476  516  547  561  556
    10.0-180.0 180.0   5.0 450.0                            LAT/LON1/LON2/DLON/H
  489  486  484  487  491  487  467  429  374  316  269  240  221  205  188  176
  174  189  221  262  306  344  378  410  444  480  523  573  626  683  743  807
  867  911  933  936  933  936  943  950  956  965  978  993 1006 1010 1008 1002
  989  972  955  943  931  912  866  785  677  565  471  415  392  380  365  354
  349  349  354  371  403  442  475  489  489
     7.5-180.0 180.0   5.0 450.0                            LAT/LON1/LON2/DLON/H
  419  418  424  440  460  473  470  444  395  336  288  255  233  214  195  180
  176  187  215  254  298  341  380  419  460  504  551  602  656  711  769  826
  874  907  919  916  913  921  931  939  945  955  970  985  994  994  990  982
  970  957  943  932  923  907  866  792  689  577  483  428  407  393  370  351
  343  341  341  347  367  394  415  421  419
     5.0-180.0 180.0   5.0 450.0                            LAT/LON1/LON2/DLON/H
  370  362  368  388  417  443  454  442  402  348  300  266  242  221  201  183
  175  184  209  249  294  340  385  431  479  528  579  631  683  734  785  833
  871  893  898  892  891  898  908  915  923  935  952  968  976  976  974  970
  963  955  945  936  926  911  878  814  723  621  534  486  472  458  428  401
  391  390  387  385  388  394  394  385  370
     2.5-180.0 180.0   5.0 450.0                            LAT/LON1/LON2/DLON/H
  362  341  336  350  379  409  431  430  400  352  307  272  247  224  204  185
  175  181  205  244  292  341  391  443  497  551  604  654  702  748  791  829
  856  870  871  866  865  870  877  883  890  905  924  942  953  958  960  962
  963  960  952  941  929  916  889  838  765  680  608  573  568  555  518  484
  475  478  473  463  452  438  419  391  362
