Assets/GIM/IGS0OPSRAP_20243010000_01D_02H_GIM.INX
     1.0            IONOSPHERE MAPS     MIX                 IONEX VERSION / TYPE
tecrms2ionex_2.awk  SRRC/UWM           10/29/24  510UT      PGM / RUN BY / DATE
Global ionosphere maps for day 301, 2024 (27-10-2024)       DESCRIPTION
IONEX file containing the COMBINED IGS Ionosphere maps      DESCRIPTION
from the combination of all available IAACS                 DESCRIPTION
Contact address: Andrzej Krankowski                         DESCRIPTION
                 Space Radio-Diagnostics Research Centre    DESCRIPTION
                 University of Warmia and Mazury (SRRC/UWM) DESCRIPTION
                 Oczapowski St. 1                           DESCRIPTION
                 10-957-Olsztyn, POLAND                     DESCRIPTION
                 e-mail:  kand@uwm.edu.pl                   DESCRIPTION
                                                            DESCRIPTION
  2024    10    27     0     0     0                        EPOCH OF FIRST MAP
  2024    10    28     0     0     0                        EPOCH OF LAST MAP
  7200                                                      INTERVAL
    13                                                      # OF MAPS IN FILE
  COSZ                                                      MAPPING FUNCTION
     0.0                                                    ELEVATION CUTOFF
Combined TEC calculated as weighted mean of input TEC valuesOBSERVABLES USED
   250                                                      # OF STATIONS
    31                                                      # OF SATELLITES
  6371.0                                                    BASE RADIUS
     2                                                      MAP DIMENSION
   450.0 450.0   0.0                                        HGT1 / HGT2 / DHGT
    87.5 -87.5  -2.5                                        LAT1 / LAT2 / DLAT
  -180.0 180.0   5.0                                        LON1 / LON2 / DLON
    -1                                                      EXPONENT
TEC values in  0.1 TECUs; 9999 if no value available        COMMENT
DCB values in nanoseconds, reference is Sum_of_SatDCBs = 0  COMMENT
                                                            END OF HEADER
     1                                                      START OF TEC MAP
  2024    10    27     0     0     0                        EPOCH OF CURRENT MAP
    87.5-180.0 180.0   5.0 450.0                            LAT/LON1/LON2/DLON/H
  182  182  183  184  184  184  184  185  185  185  185  185  185  185  185  185
  184  183  183  181  181  179  178  177  176  174  172  171  169  167  166  164
  162  161  160  158  158  157  156  156  155  155  155  155  155  156  156  157
  158  158  159  160  161  162  163  164  165  166  168  169  170  171  173  174
  175  176  177  178  179  180  181  181  182
    85.0-180.0 180.0   5.0 450.0                            LAT/LON1/LON2/DLON/H
  196  197  198  198  198  199  198  199  199  199  199  200  200  201  201  201
  202  202  201  200  199  198  195  192  190  186  182  178  174  170  166  162
  158  156  153  151  149  148  148  147  147  148  149  150  151  152  153  155
  155  157  158  159  161  162  164  166  167  170  172  174  176  178  180  182
  185  187  188  190  192  194  195  196  196
    82.5-180.0 180.0   5.0 450.0                            LAT/LON1/LON2/DLON/H
  216  217  217  217  216  216  215  213  212  211  211  211  211  212  213  214
  216  217  219  219  219  218  216  213  209  203  197  191  184  176  169  163
  158  153  149  147  145  145  145  147  148  151  153  155  157  159  160  161
  162  164  164  165  166  167  168  170  171  174  177  179  183  186  190  193
  197  200  204  207  209  212  214  215  216
    80.0-180.0 180.0   5.0 450.0                            LAT/LON1/LON2/DLON/H
  243  245  245  246  244  242  239  235  231  227  224  221  218  218  218  220
  222  225  229  232  235  236  235  233  228  221  213  204  193  184  174  165
  158  152  148  146  146  148  151  154  158  163  166  169  172  174  175  176
  175  175  173  174  172  172  172  173  175  177  180  183  188  192  198  204
  209  214  220  225  230  234  238  241  243
    77.5-180.0 180.0   5.0 450.0                            LAT/LON1/LON2/DLON/H
  279  283  286  287  286  284  279  272  263  253  242  232  224  218  215  214
  216  221  226  233  239  244  247  246  242  236  227  216  203  190  179  168
  159  154  151  150  152  157  162  168  174  180  185  188  191  193  192  192
  189  187  183  180  178  176  175  174  175  177  180  185  190  196  204  211
  219  228  236  245  253  260  267  273  279
    75.0-180.0 180.0   5.0 450.0                            LAT/LON1/LON2/DLON/H
  321  330  338  343  343  341  334  322  308  290  271  251  233  218  208  203
  201  205  212  220  230  239  246  249  248  243  235  223  209  196  182  171
  162  158  157  159  163  169  176  184  191  197  202  205  207  207  205  202
  198  193  188  184  179  176  173  172  173  174  178  183  190  198  207  217
  228  240  252  264  276  288  300  311  321
    72.5-180.0 180.0   5.0 450.0                            LAT/LON1/LON2/DLON/H
  365  381  394  404  409  408  401  387  367  341  312  282  254  228  206  193
  185  184  189  198  209  222  232  240  243  241  234  223  210  196  184  174
  166  163  164  167  174  180  188  196  203  208  212  213  213  212  208  204
  199  193  187  182  176  173  170  169  170  172  176  182  189  199  210  223
  237  252  267  282  299  315  332  348  365
    70.0-180.0 180.0   5.0 450.0                            LAT/LON1/LON2/DLON/H
  406  428  447  464  475  478  472  459  435  405  368  329  290  253  220  194
  177  167  166  172  183  196  210  221  228  229  224  216  204  192  181  173
  168  167  169  173  179  186  193  199  205  208  210  210  208  206  202  197
  192  187  181  176  171  168  167  166  168  171  176  183  192  202  217  232
  249  266  284  303  322  342  363  385  406
    67.5-180.0 180.0   5.0 450.0                            LAT/LON1/LON2/DLON/H
  443  469  493  515  531  540  540  528  507  475  435  390  343  295  251  213
  182  163  152  151  159  171  184  196  205  209  207  200  191  182  174  169
  167  167  170  174  179  184  189  192  195  196  196  196  194  191  188  184
  180  176  171  167  164  163  162  164  167  172  178  186  197  211  227  246
  265  286  307  327  348  369  392  417  443
    65.0-180.0 180.0   5.0 450.0                            LAT/LON1/LON2/DLON/H
  473  502  530  556  576  590  595  589  573  545  507  461  409  354  301  251
  208  175  154  143  143  150  161  172  181  186  185  181  174  169  165  164
  164  166  168  170  172  174  175  176  177  177  177  176  174  173  171  168
  165  162  160  157  156  156  158  162  168  174  183  194  207  225  244  267
  290  314  338  360  380  401  422  447  473
    62.5-180.0 180.0   5.0 450.0                            LAT/LON1/LON2/DLON/H
  504  531  559  586  609  626  636  637  627  607  575  532  482  424  365  307
  253  208  175  154  144  144  149  155  161  165  164  161  158  156  157  159
  162  165  166  164  162  160  157  156  156  156  156  156  155  155  154  152
  151  150  147  146  146  149  153  160  168  178  190  204  222  243  268  295
  324  352  379  401  421  440  458  479  504
    60.0-180.0 180.0   5.0 450.0                            LAT/LON1/LON2/DLON/H
  538  561  587  611  633  651  664  670  668  656  633  598  553  498  438  375
  314  260  217  185  166  155  151  151  152  153  152  150  150  152  156  162
  167  169  167  161  154  148  144  141  141  141  141  142  141  142  142  142
  141  140  138  136  138  142  148  157  169  182  198  217  240  266  296  329
  364  397  427  452  471  486  500  517  538
    57.5-180.0 180.0   5.0 450.0                            LAT/LON1/LON2/DLON/H
  576  596  618  637  654  669  682  691  696  693  679  655  619  570  513  450
  387  328  276  236  206  186  172  164  158  154  152  152  155  161  168  176
  181  181  176  166  155  146  139  136  136  137  138  137  137  136  136  136
  135  133  132  130  131  134  142  154  169  187  209  233  261  292  328  367
  408  446  481  508  526  538  548  560  576
    55.0-180.0 180.0   5.0 450.0                            LAT/LON1/LON2/DLON/H
  620  636  653  666  676  685  694  704  713  717  714  699  673  633  583  525
  464  404  349  302  263  233  210  194  182  174  170  171  176  184  193  201
  204  202  193  181  167  155  148  145  146  146  144  142  139  137  135  135
  135  132  129  127  127  130  138  151  170  194  222  252  286  321  362  405
  451  495  532  562  582  591  598  607  620
    52.5-180.0 180.0   5.0 450.0                            LAT/LON1/LON2/DLON/H
  666  679  691  698  701  702  706  714  725  734  738  732  713  682  641  590
  535  479  424  373  328  290  261  238  221  209  203  203  210  219  228  234
  234  230  219  205  191  179  172  169  166  164  160  155  149  144  141  139
  138  136  132  129  127  130  137  152  174  203  238  275  312  352  394  440
  487  534  576  608  629  640  646  654  666
    50.0-180.0 180.0   5.0 450.0                            LAT/LON1/LON2/DLON/H
  707  719  728  730  727  722  720  725  735  747  755  753  741  717  683  640
  593  542  489  437  390  349  315  288  267  253  245  245  251  259  266  269
  267  260  248  236  223  212  204  199  194  189  181  172  163  155  149  147
  145  144  140  136  133  134  140  155  180  215  256  298  340  381  423  467
  515  562  605  639  662  676  685  694  707
    47.5-180.0 180.0   5.0 450.0                            LAT/LON1/LON2/DLON/H
  739  752  760  759  751  741  736  739  748  759  767  767  755  735  707  671
  631  585  537  488  442  400  365  337  315  298  289  287  290  295  299  299
  294  287  278  268  258  248  239  231  223  213  202  190  177  167  159  156
  154  153  150  146  142  141  147  162  190  229  275  322  366  406  446  487
  531  576  618  654  680  697  711  725  739
    45.0-180.0 180.0   5.0 450.0                            LAT/LON1/LON2/DLON/H
  759  774  781  778  769  759  753  756  764  775  779  776  762  741  714  683
  647  608  564  519  476  439  406  378  356  339  327  321  319  319  319  318
  315  311  305  299  291  281  271  259  246  233  219  205  192  180  171  166
  164  164  161  156  152  150  157  173  203  246  296  345  389  427  462  498
  536  577  618  653  682  705  724  742  759
    42.5-180.0 180.0   5.0 450.0                            LAT/LON1/LON2/DLON/H
  768  783  790  787  779  771  769  774  783  792  792  784  765  741  713  682
  648  610  570  531  493  461  434  409  387  368  353  342  335  331  329  329
  329  330  328  324  318  308  294  279  263  247  232  218  204  191  181  175
  174  173  171  167  163  162  168  186  218  263  313  363  406  441  472  501
  532  567  605  640  672  700  724  747  768
    40.0-180.0 180.0   5.0 450.0                            LAT/LON1/LON2/DLON/H
  768  783  790  788  783  779  782  790  802  809  806  792  768  739  709  676
  640  602  565  528  497  473  451  429  406  386  367  352  340  333  331  335
  341  346  348  345  338  326  310  292  273  257  242  229  215  203  191  183
  181  181  179  175  171  171  180  201  235  280  331  378  419  451  476  499
  525  554  588  623  657  688  717  744  768
    37.5-180.0 180.0   5.0 450.0                            LAT/LON1/LON2/DLON/H
  763  780  786  785  782  783  790  802  815  821  816  799  772  740  706  671
  632  592  554  521  495  476  460  440  418  395  374  355  340  332  334  345
  357  366  369  365  354  338  320  300  280  264  250  238  225  211  199  191
  187  187  185  181  178  180  192  217  253  299  345  390  429  458  480  499
  519  545  575  609  643  677  708  738  763
    35.0-180.0 180.0   5.0 450.0                            LAT/LON1/LON2/DLON/H
  761  777  784  784  784  788  797  809  819  825  819  801  775  744  709  671
  629  585  545  512  490  475  461  443  421  398  376  356  342  337  346  365
  384  396  396  386  370  349  328  307  288  272  259  249  236  222  207  197
  193  191  190  186  183  187  203  232  271  316  360  401  437  465  486  504
  522  546  574  607  641  674  707  736  761
    32.5-180.0 180.0   5.0 450.0                            LAT/LON1/LON2/DLON/H
  771  787  794  795  797  800  805  811  816  817  811  795  773  746  714  676
  631  584  541  508  485  470  456  438  418  399  381  365  355  356  373  400
  424  436  432  414  389  363  339  316  298  283  272  261  248  233  216  204
  198  196  194  190  188  194  213  247  289  332  374  412  446  475  499  520
  540  563  590  622  655  687  718  747  771
    30.0-180.0 180.0   5.0 450.0                            LAT/LON1/LON2/DLON/H
  800  814  820  823  824  824  821  815  810  803  794  782  765  745  717  680
  635  586  541  505  480  462  445  429  413  402  394  386  382  391  415  450
  478  488  477  449  415  381  353  331  313  299  287  276  262  245  227  212
  205  203  200  197  195  202  225  263  308  351  389  424  458  490  520  546
  572  598  627  658  690  719  748  777  800
    27.5-180.0 180.0   5.0 450.0                            LAT/LON1/LON2/DLON/H
  852  864  869  872  871  866  851  831  808  788  773  763  753  739  715  681
  637  587  541  502  473  451  433  418  411  412  416  420  423  439  473  514
  544  550  530  491  446  404  371  347  330  317  304  293  277  258  239  224
  215  212  210  207  206  215  240  282  331  373  409  441  474  510  547  582
  615  647  680  713  744  773  802  830  852
    25.0-180.0 180.0   5.0 450.0                            LAT/LON1/LON2/DLON/H
  925  937  941  942  940  929  903  864  822  784  759  747  741  731  711  678
  634  586  538  498  466  442  424  415  418  434  453  465  476  498  539  586
  617  617  586  534  478  427  390  365  348  335  322  309  291  271  252  236
  227  225  224  223  223  233  262  307  357  400  434  464  498  537  579  624
  665  704  741  778  811  842  872  902  925
    22.5-180.0 180.0   5.0 450.0                            LAT/LON1/LON2/DLON/H
 1009 1025 1030 1032 1027 1011  976  924  863  806  767  748  740  729  707  673
  630  581  534  493  461  439  427  426  441  472  503  521  533  560  607  658
  686  678  635  573  505  448  406  380  362  349  338  323  304  283  264  249
  242  240  241  243  246  259  291  338  390  432  464  494  529  571  617  667
  715  760  803  842  878  913  947  982 1009
    20.0-180.0 180.0   5.0 450.0                            LAT/LON1/LON2/DLON/H
 1090 1111 1120 1125 1124 1107 1071 1013  937  861  806  776  760  743  714  676
  630  580  533  492  466  452  450  459  486  525  561  579  588  614  665  718
  741  724  671  598  524  462  418  390  371  360  349  333  313  292  274  261
  255  256  260  266  274  293  327  377  427  468  501  531  567  609  658  710
  762  811  857  900  938  975 1015 1055 1090
    17.5-180.0 180.0   5.0 450.0                            LAT/LON1/LON2/DLON/H
 1149 1178 1195 1207 1212 1203 1177 1123 1043  954  882  837  809  778  740  696
  647  595  546  508  488  485  494  513  546  587  621  633  635  657  707  755
  772  747  685  605  528  467  425  396  375  364  355  339  317  297  281  270
  267  270  277  288  303  327  366  415  464  504  537  570  607  652  699  751
  802  854  900  942  980 1019 1062 1108 1149
    15.0-180.0 180.0   5.0 450.0                            LAT/LON1/LON2/DLON/H
 1174 1211 1238 1260 1276 1281 1273 1238 1165 1074  991  931  886  841  793  741
  688  635  583  547  533  540  557  582  612  646  669  672  664  680  723  763
  772  740  673  591  518  465  427  396  375  364  356  339  317  296  283  276
  275  281  291  305  326  356  398  447  494  534  568  604  646  693  739  788
  838  887  932  969 1004 1040 1080 1127 1174
    12.5-180.0 180.0   5.0 450.0                            LAT/LON1/LON2/DLON/H
 1158 1199 1237 1272 1301 1326 1343 1333 1279 1195 1111 1043  985  928  870  815
  761  704  652  614  604  615  635  654  673  690  697  687  674  682  712  740
  740  706  642  566  501  458  425  396  373  361  353  335  312  292  282  278
  279  286  297  314  338  374  419  468  513  552  588  629  678  727  775  821
  868  913  953  985 1013 1041 1076 1115 1158
    10.0-180.0 180.0   5.0 450.0                            LAT/LON1/LON2/DLON/H
 1116 1153 1195 1238 1282 1325 1367 1386 1358 1292 1217 1147 1084 1023  963  910
  859  804  750  710  697  705  715  717  714  708  696  676  661  665  684  696
  689  660  604  538  485  451  423  394  370  359  348  330  306  288  280  279
  280  285  294  311  337  375  423  472  517  556  594  641  696  752  802  847
  892  933  967  993 1014 1034 1057 1083 1116
     7.5-180.0 180.0   5.0 450.0                            LAT/LON1/LON2/DLON/H
 1066 1094 1133 1179 1227 1280 1340 1385 1386 1344 1285 1224 1163 1105 1052 1007
  965  915  862  821  802  797  787  764  731  697  667  644  635  639  647  647
  638  615  573  519  476  449  422  392  368  356  344  325  302  286  280  279
  278  280  284  296  322  361  412  461  507  546  588  641  703  763  818  865
  907  945  975  997 1014 1027 1038 1048 1066
     5.0-180.0 180.0   5.0 450.0                            LAT/LON1/LON2/DLON/H
 1028 1045 1075 1115 1160 1213 1276 1333 1356 1341 1302 1256 1208 1161 1120 1088
 1055 1014  966  923  895  874  841  789  727  668  624  604  606  616  619  610
  600  587  558  518  482  454  424  391  368  355  343  323  302  287  283  280
  276  272  270  276  299  341  392  445  492  533  577  632  697  763  822  872
  914  950  978 1000 1018 1031 1031 1027 1028
     2.5-180.0 180.0   5.0 450.0                            LAT/LON1/LON2/DLON/H
 1022 1026 1044 1072 1107 1149 1205 1261 1293 1293 1272 1242 1210 1180 1153 1134
 1114 1083 1039  996  959  921  866  791  708  632  584  571  588  609  611  599
  590  585  566  533  498  464  427  392  368  356  343  325  307  295  290  285
  277  265  256  258  278  320  376  432  481  523  567  621  685  753  815  867
  910  945  975 1001 1027 1043 1044 1032 1022
