Assets/GIM/IGS0OPSRAP_20242820000_01D_02H_GIM.INX
     1.0            IONOSPHERE MAPS     MIX                 IONEX VERSION / TYPE
tecrms2ionex_2.awk  SRRC/UWM           10/10/24  510UT      PGM / RUN BY / DATE
Global ionosphere maps for day 282, 2024 ( 8-10-2024)       DESCRIPTION
IONEX file containing the COMBINED IGS Ionosphere maps      DESCRIPTION
from the combination of all available IAACS                 DESCRIPTION
Contact address: Andrzej Krankowski                         DESCRIPTION
                 Space Radio-Diagnostics Research Centre    DESCRIPTION
                 University of Warmia and Mazury (SRRC/UWM) DESCRIPTION
                 Oczapowski St. 1                           DESCRIPTION
                 10-957-Olsztyn, POLAND                     DESCRIPTION
                 e-mail:  kand@uwm.edu.pl                   DESCRIPTION
                                                            DESCRIPTION
  2024    10     8     0     0     0                        EPOCH OF FIRST MAP
  2024    10     9     0     0     0                        EPOCH OF LAST MAP
  7200                                                      INTERVAL
    13                                                      # OF MAPS IN FILE
  COSZ                                                      MAPPING FUNCTION
     0.0                                                    ELEVATION CUTOFF
Combined TEC calculated as weighted mean of input TEC valuesOBSERVABLES USED
   254                                                      # OF STATIONS
    31                                                      # OF SATELLITES
  6371.0                                                    BASE RADIUS
     2                                                      MAP DIMENSION
   450.0 450.0   0.0                                        HGT1 / HGT2 / DHGT
    87.5 -87.5  -2.5                                        LAT1 / LAT2 / DLAT
  -180.0 180.0   5.0                                        LON1 / LON2 / DLON
    -1                                                      EXPONENT
TEC values in  0.1 TECUs; 9999 if no value available        COMMENT
DCB values in nanoseconds, reference is Sum_of_SatDCBs = 0  COMMENT
                                                            END OF HEADER
[from data line 4290]
    11                                                      START OF TEC MAP
  2024    10     8    20     0     0                        EPOCH OF CURRENT MAP
    87.5-180.0 180.0   5.0 450.0                            LAT/LON1/LON2/DLON/H
  174  176  179  180  182  184  187  188  190  191  192  193  194  195  196  196
  196  196  196  196  195  194  193  192  191  190  189  188  186  184  183  181
  179  177  175  173  172  170  168  166  164  163  161  159  157  156  155  154
  153  152  151  151  150  150  151  150  151  151  151  152  154  155  156  157
  159  160  162  164  166  168  170  172  174
    85.0-180.0 180.0   5.0 450.0                            LAT/LON1/LON2/DLON/H
  166  170  175  179  183  187  191  195  198  202  204  207  208  210  211  212
  212  212  211  210  209  207  206  204  202  200  197  194  192  189  186  184
  180  177  174  171  168  164  161  158  154  151  147  144  141  138  136  133
  131  129  127  126  125  125  124  125  125  126  127  128  129  131  134  136
  138  141  144  148  151  155  158  162  166
    82.5-180.0 180.0   5.0 450.0                            LAT/LON1/LON2/DLON/H
  152  157  164  170  176  183  189  195  200  206  210  213  216  218  219  220
  221  220  219  217  216  213  211  209  206  204  201  198  195  191  188  185
  181  178  174  170  166  162  158  153  148  143  139  134  129  125  120  116
  113  110  108  105  104  103  102  103  103  104  105  106  108  110  112  115
  118  121  124  128  131  136  141  146  152
    80.0-180.0 180.0   5.0 450.0                            LAT/LON1/LON2/DLON/H
  131  138  146  154  162  171  179  189  196  203  210  215  218  221  223  224
  223  222  221  218  215  214  211  208  206  203  201  198  195  193  190  186
  183  180  176  172  168  163  159  153  147  141  135  130  124  117  111  106
  102   97   94   92   89   88   88   87   87   88   89   91   92   94   96   97
  100  102  105  108  111  116  120  126  131
    77.5-180.0 180.0   5.0 450.0                            LAT/LON1/LON2/DLON/H
  110  117  125  135  145  156  167  178  189  198  207  214  219  222  224  223
  222  219  217  213  211  208  205  203  201  199  196  194  192  189  186  184
  181  179  176  174  171  167  163  158  152  145  138  130  123  116  109  104
   97   93   89   86   84   82   82   81   81   82   83   84   85   86   87   88
   89   89   90   92   94   96  100  105  110
    75.0-180.0 180.0   5.0 450.0                            LAT/LON1/LON2/DLON/H
   93   99  108  117  128  141  154  168  182  194  205  214  220  224  224  223
  219  215  211  205  202  199  197  195  193  192  190  188  185  182  179  176
  173  172  170  169  168  166  164  160  155  150  143  136  127  120  113  107
  101   96   92   88   87   84   84   84   84   84   85   86   86   86   87   86
   86   86   84   84   84   84   86   88   93
    72.5-180.0 180.0   5.0 450.0                            LAT/LON1/LON2/DLON/H
   85   90   97  106  117  131  146  161  177  192  206  217  224  228  227  223
  217  211  204  198  193  190  188  186  184  182  181  179  176  173  168  163
  159  157  156  156  158  158  158  157  155  150  145  138  132  125  119  113
  108  103   99   96   94   93   91   91   90   90   90   91   90   91   91   89
   89   88   86   84   82   81   80   82   85
    70.0-180.0 180.0   5.0 450.0                            LAT/LON1/LON2/DLON/H
   87   91   97  105  115  127  142  159  177  194  211  223  232  234  232  226
  218  208  200  192  187  183  181  178  175  172  170  167  162  158  152  146
  140  137  136  137  138  141  143  145  144  142  139  136  131  127  122  118
  114  110  107  104  102  100   98   96   96   95   94   94   95   95   95   94
   94   93   92   90   88   86   85   85   87
    67.5-180.0 180.0   5.0 450.0                            LAT/LON1/LON2/DLON/H
   99  102  106  113  121  131  144  160  178  197  216  230  240  242  240  232
  222  211  201  192  186  182  178  174  168  162  157  152  147  141  133  126
  120  114  113  113  116  119  122  125  127  127  128  127  125  123  121  118
  116  113  111  108  105  103  100   97   96   94   93   92   91   92   94   96
   97   99   99   99   98   98   97   98   99
    65.0-180.0 180.0   5.0 450.0                            LAT/LON1/LON2/DLON/H
  117  120  123  126  131  138  147  161  178  197  217  234  244  248  246  238
  227  217  206  197  191  185  180  173  164  154  144  136  129  122  115  109
  102   97   94   93   94   97   99  101  105  107  110  113  114  115  114  114
  113  111  108  105  102   98   95   91   87   84   82   80   80   83   86   89
   94  100  104  107  110  112  113  115  117
    62.5-180.0 180.0   5.0 450.0                            LAT/LON1/LON2/DLON/H
  136  139  142  143  144  146  151  160  175  193  213  231  244  250  249  243
  235  224  215  207  200  194  186  176  161  147  134  122  114  108  103   98
   92   87   83   80   80   79   80   82   85   88   92   96  101  103  105  106
  105  103  101   97   93   88   83   78   73   69   65   64   64   67   71   78
   87   95  104  112  119  123  129  133  136
    60.0-180.0 180.0   5.0 450.0                            LAT/LON1/LON2/DLON/H
  154  159  159  159  156  153  154  158  170  185  204  222  237  245  248  245
  239  231  223  216  210  203  194  180  162  144  127  114  107  102  100   97
   94   90   85   80   76   72   70   69   71   74   79   85   90   94   96   97
   96   94   91   87   83   77   72   65   60   55   50   48   47   49   54   63
   75   89  101  113  124  134  141  149  154
    57.5-180.0 180.0   5.0 450.0                            LAT/LON1/LON2/DLON/H
  167  173  174  174  168  163  159  160  166  179  195  211  226  237  243  244
  241  236  231  226  220  212  202  186  166  147  128  116  110  109  110  110
  108  104   98   89   82   76   71   68   69   71   76   80   85   89   92   92
   92   89   86   81   77   70   66   59   52   46   41   36   34   36   41   51
   64   80   97  112  127  139  150  159  167
    55.0-180.0 180.0   5.0 450.0                            LAT/LON1/LON2/DLON/H
  177  185  189  188  183  177  172  170  172  180  192  206  220  232  239  242
  242  241  237  233  227  219  208  192  173  154  138  129  126  128  131  132
  131  125  116  106   95   86   80   77   76   78   81   85   89   92   95   95
   94   92   88   85   80   76   69   63   56   50   42   36   31   30   34   43
   57   74   93  110  127  142  156  167  177
    52.5-180.0 180.0   5.0 450.0                            LAT/LON1/LON2/DLON/H
  188  198  204  206  204  201  197  195  195  198  205  213  224  235  243  247
  248  247  244  239  233  224  213  198  182  167  157  151  152  156  158  158
  154  147  135  122  110   99   93   91   91   93   95   98  100  104  107  107
  107  105  102   99   96   92   87   82   74   66   58   49   42   37   38   44
   56   73   92  111  128  144  160  175  188
    50.0-180.0 180.0   5.0 450.0                            LAT/LON1/LON2/DLON/H
  203  216  226  233  236  236  237  238  238  236  237  240  246  253  259  262
  262  260  255  248  239  230  219  206  194  186  181  179  182  184  185  180
  172  161  148  134  121  112  108  107  108  111  112  116  119  123  127  129
  129  127  125  122  119  117  113  108  102   93   83   73   63   55   52   55
   65   80   97  116  134  151  169  186  203
    47.5-180.0 180.0   5.0 450.0                            LAT/LON1/LON2/DLON/H
  225  244  258  270  278  286  292  297  297  294  290  288  289  291  293  292
  288  281  272  262  251  239  228  219  211  208  208  210  211  210  204  193
  180  166  153  139  129  122  120  121  125  129  133  136  142  147  152  154
  155  153  151  149  146  145  143  139  133  125  115  104   94   83   76   76
   82   94  111  129  148  166  186  205  225
    45.0-180.0 180.0   5.0 450.0                            LAT/LON1/LON2/DLON/H
  259  282  302  320  333  346  358  367  369  364  356  350  347  348  345  338
  328  315  300  285  270  255  243  236  232  232  235  236  234  226  214  197
  180  165  152  143  135  130  131  135  141  147  152  159  166  172  176  178
  179  177  174  172  171  170  169  167  163  157  150  140  130  119  110  106
  109  118  133  151  171  191  212  236  259
    42.5-180.0 180.0   5.0 450.0                            LAT/LON1/LON2/DLON/H
  304  330  356  377  395  412  429  440  444  438  428  420  416  413  408  396
  380  360  338  317  296  280  267  259  256  258  260  258  251  239  221  201
  183  168  158  152  147  144  145  149  157  164  172  180  189  195  198  198
  197  193  191  188  187  187  188  188  186  184  181  175  169  159  150  143
  143  152  166  184  204  226  250  277  304
    40.0-180.0 180.0   5.0 450.0                            LAT/LON1/LON2/DLON/H
  355  385  412  437  458  478  497  510  513  508  497  488  484  482  475  459
  438  412  384  357  333  313  297  288  284  284  284  280  269  254  236  217
  200  188  179  173  169  167  167  170  176  184  193  202  209  212  211  207
  203  199  196  195  194  194  197  199  201  204  206  207  205  199  192  185
  184  190  204  224  247  272  299  326  355
    37.5-180.0 180.0   5.0 450.0                            LAT/LON1/LON2/DLON/H
  410  440  467  491  514  535  554  568  571  564  553  545  544  544  537  520
  495  465  434  404  376  352  333  319  312  310  307  303  293  281  269  257
  245  236  225  216  210  204  200  198  202  209  218  225  227  224  218  210
  203  198  196  194  193  194  197  202  208  215  222  230  234  234  230  225
  223  229  246  270  296  324  352  382  410
    35.0-180.0 180.0   5.0 450.0                            LAT/LON1/LON2/DLON/H
  464  490  515  537  558  580  599  613  614  607  596  591  592  594  590  574
  548  517  484  452  422  394  369  351  340  336  335  332  331  330  331  330
  325  313  295  280  267  256  246  238  236  240  247  249  246  236  224  212
  203  198  195  192  190  190  194  200  208  218  231  243  255  260  260  256
  256  264  285  313  345  378  408  437  464
    32.5-180.0 180.0   5.0 450.0                            LAT/LON1/LON2/DLON/H
  513  534  554  571  589  609  628  641  644  637  628  624  629  633  631  616
  592  563  531  500  468  435  404  381  367  364  366  374  386  404  421  432
  429  412  385  358  338  320  302  285  276  277  281  279  268  253  236  222
  213  206  200  194  189  188  190  195  203  215  230  247  263  273  276  275
  278  289  315  351  390  428  462  489  513
    30.0-180.0 180.0   5.0 450.0                            LAT/LON1/LON2/DLON/H
  556  573  588  600  612  628  646  659  663  658  652  651  658  665  664  651
  629  602  575  544  511  472  435  409  395  395  406  428  458  495  528  547
  544  518  478  440  413  389  363  335  318  316  317  311  297  279  263  249
  239  231  219  208  197  191  191  193  200  210  224  243  261  274  280  281
  286  302  335  379  427  470  507  535  556
    27.5-180.0 180.0   5.0 450.0                            LAT/LON1/LON2/DLON/H
  596  610  621  628  636  649  663  674  679  678  675  678  687  694  692  681
  661  638  614  586  550  506  464  436  427  434  457  494  543  596  639  660
  651  612  559  511  478  451  417  380  356  350  352  347  334  319  307  298
  288  274  255  233  215  203  199  198  200  206  218  235  253  266  272  274
  282  304  344  397  452  503  543  574  596
    25.0-180.0 180.0   5.0 450.0                            LAT/LON1/LON2/DLON/H
  633  650  661  666  672  680  690  699  703  703  705  710  719  726  722  710
  692  672  650  623  585  538  494  469  467  485  521  573  636  697  741  753
  730  676  612  557  523  494  454  411  383  380  385  384  378  372  368  364
  354  332  303  272  244  227  217  211  206  208  215  229  243  254  259  261
  270  297  345  406  470  527  573  608  633
    22.5-180.0 180.0   5.0 450.0                            LAT/LON1/LON2/DLON/H
  671  696  712  720  726  732  738  741  742  741  744  751  760  764  758  743
  725  706  685  658  619  570  530  512  522  553  600  663  731  789  821  814
  772  705  631  573  537  506  466  422  399  402  415  424  427  432  437  439
  427  398  360  320  284  260  245  233  223  217  218  225  234  241  243  245
  256  287  341  410  482  545  596  637  671
    20.0-180.0 180.0   5.0 450.0                            LAT/LON1/LON2/DLON/H
  708  745  771  787  800  810  812  807  800  797  799  804  811  812  802  785
  764  745  723  696  655  609  576  572  595  638  695  759  822  866  875  844
  779  695  614  554  519  489  449  413  403  419  443  463  477  491  504  510
  497  464  419  373  333  303  282  265  247  234  227  226  228  229  229  230
  243  278  338  413  490  559  616  665  708
    17.5-180.0 180.0   5.0 450.0                            LAT/LON1/LON2/DLON/H
  745  794  832  861  885  903  906  894  879  869  866  869  873  869  857  836
  813  792  770  740  700  658  635  646  684  737  796  855  904  926  905  843
  754  654  567  507  473  444  412  393  403  437  473  502  524  544  560  567
  553  519  472  425  384  350  323  299  276  255  240  231  225  221  218  218
  233  274  337  417  500  573  635  691  745
    15.0-180.0 180.0   5.0 450.0                            LAT/LON1/LON2/DLON/H
  779  839  890  931  969  997 1004  991  969  953  945  945  945  938  922  899
  875  853  829  797  757  721  709  734  784  840  894  942  970  964  912  820
  706  593  502  445  415  393  375  378  413  463  509  544  567  584  598  603
  589  555  512  468  428  392  361  331  301  276  254  238  225  215  210  211
  228  271  339  424  510  586  651  714  779
    12.5-180.0 180.0   5.0 450.0                            LAT/LON1/LON2/DLON/H
  806  874  934  988 1038 1078 1093 1081 1058 1037 1027 1025 1025 1016  999  974
  949  926  900  869  832  800  797  829  883  937  981 1008 1013  979  899  782
  651  529  439  392  373  362  358  383  440  505  556  587  605  613  618  618
  602  572  532  494  457  422  388  354  322  292  266  244  226  212  205  207
  226  272  343  431  521  598  667  735  806
    10.0-180.0 180.0   5.0 450.0                            LAT/LON1/LON2/DLON/H
  828  900  964 1023 1082 1132 1157 1152 1131 1113 1102 1103 1103 1097 1080 1058
 1035 1011  987  958  923  895  892  924  974 1018 1044 1050 1029  973  874  743
  603  482  402  369  367  371  381  423  494  564  610  633  637  631  624  615
  596  567  532  498  466  433  398  363  330  300  273  249  228  212  202  204
  225  273  348  439  530  610  681  752  828
     7.5-180.0 180.0   5.0 450.0                            LAT/LON1/LON2/DLON/H
  845  919  983 1042 1101 1156 1189 1194 1182 1168 1164 1168 1173 1170 1159 1141
 1122 1101 1081 1056 1025  997  991 1013 1049 1077 1083 1066 1027  958  851  718
  583  472  408  396  413  433  456  503  572  633  668  677  665  642  620  600
  574  542  509  478  451  421  389  356  327  300  275  251  229  211  201  203
  225  274  351  445  539  621  694  768  845
     5.0-180.0 180.0   5.0 450.0                            LAT/LON1/LON2/DLON/H
  860  933  996 1051 1105 1158 1195 1208 1207 1203 1206 1217 1228 1231 1226 1214
 1199 1184 1169 1150 1124 1096 1081 1087 1105 1116 1103 1068 1016  944  843  723
  605  514  470  481  519  549  572  609  660  702  720  713  685  646  609  576
  541  503  468  440  417  393  364  336  313  292  271  250  229  212  201  202
  223  273  351  449  546  630  705  781  860
     2.5-180.0 180.0   5.0 450.0                            LAT/LON1/LON2/DLON/H
  874  948 1009 1058 1105 1150 1187 1207 1214 1218 1228 1245 1262 1270 1272 1266
 1257 1248 1239 1227 1207 1179 1153 1141 1141 1135 1108 1063 1009  944  863  767
  678  611  587  613  660  690  700  715  739  757  755  734  694  645  596  549
  502  456  418  391  372  353  330  308  291  277  262  245  228  211  201  202
  221  271  350  450  550  636  713  793  874
