Assets/GIM/IGS0OPSRAP_20242420000_01D_02H_GIM.INX
     1.0            IONOSPHERE MAPS     MIX                 IONEX VERSION / TYPE
tecrms2ionex_2.awk  SRRC/UWM           08/31/24  508UT      PGM / RUN BY / DATE
Global ionosphere maps for day 242, 2024 (29- 8-2024)       DESCRIPTION
IONEX file containing the COMBINED IGS Ionosphere maps      DESCRIPTION
from the combination of all available IAACS                 DESCRIPTION
Contact address: Andrzej Krankowski                         DESCRIPTION
                 Space Radio-Diagnostics Research Centre    DESCRIPTION
                 University of Warmia and Mazury (SRRC/UWM) DESCRIPTION
                 Oczapowski St. 1                           DESCRIPTION
                 10-957-Olsztyn, POLAND                     DESCRIPTION
                 e-mail:  kand@uwm.edu.pl                   DESCRIPTION
                                                            DESCRIPTION
  2024     8    29     0     0     0                        EPOCH OF FIRST MAP
  2024     8    30     0     0     0                        EPOCH OF LAST MAP
  7200                                                      INTERVAL
    13                                                      # OF MAPS IN FILE
  COSZ                                                      MAPPING FUNCTION
     0.0                                                    ELEVATION CUTOFF
Combined TEC calculated as weighted mean of input TEC valuesOBSERVABLES USED
   255                                                      # OF STATIONS
    31                                                      # OF SATELLITES
  6371.0                                                    BASE RADIUS
     2                                                      MAP DIMENSION
   450.0 450.0   0.0                                        HGT1 / HGT2 / DHGT
    87.5 -87.5  -2.5                                        LAT1 / LAT2 / DLAT
  -180.0 180.0   5.0                                        LON1 / LON2 / DLON
    -1                                                      EXPONENT
TEC values in  0.1 TECUs; 9999 if no value available        COMMENT
DCB values in nanoseconds, reference is Sum_of_SatDCBs = 0  COMMENT
                                                            END OF HEADER
[from data line 4290]
    11                                                      START OF TEC MAP
  2024     8    29    20     0     0                        EPOCH OF CURRENT MAP
    87.5-180.0 180.0   5.0 450.0                            LAT/LON1/LON2/DLON/H
  182  182  182  182  182  182  182  182  182  182  181  180  180  180  180  180
  180  179  178  178  177  177  176  175  175  174  173  173  172  172  172  172
  171  171  170  170  169  169  168  168  168  168  167  167  167  167  167  167
  167  167  168  168  169  169  170  170  171  172  172  173  174  175  176  176
  177  178  178  179  179  180  181  182  182
    85.0-180.0 180.0   5.0 450.0                            LAT/LON1/LON2/DLON/H
  191  191  191  191  191  191  191  191  191  190  190  189  189  188  187  187
  186  185  184  183  182  182  181  180  180  178  177  176  176  175  174  174
  173  173  171  171  170  170  168  168  167  166  165  165  164  163  163  163
  163  163  163  164  164  165  166  167  168  170  171  173  174  176  178  180
  181  183  185  186  188  189  190  190  191
    82.5-180.0 180.0   5.0 450.0                            LAT/LON1/LON2/DLON/H
  200  200  200  200  200  199  199  199  198  198  198  198  197  196  196  195
  195  194  193  192  191  190  189  188  187  186  185  184  183  182  182  181
  181  179  178  177  177  175  174  173  171  170  168  167  166  165  164  162
  161  161  161  160  161  161  163  163  166  168  170  172  175  178  181  184
  186  189  191  194  196  197  198  199  200
    80.0-180.0 180.0   5.0 450.0                            LAT/LON1/LON2/DLON/H
  208  208  208  207  207  206  205  205  205  205  206  205  206  206  207  206
  206  206  205  204  204  203  202  201  200  199  198  197  196  195  194  193
  192  191  190  190  189  187  185  183  181  179  177  175  172  169  167  165
  164  162  160  160  160  159  160  161  163  166  168  171  175  178  182  186
  190  193  197  200  202  204  206  207  208
    77.5-180.0 180.0   5.0 450.0                            LAT/LON1/LON2/DLON/H
  213  214  213  213  212  211  211  211  211  212  213  214  217  218  219  220
  222  222  222  222  221  220  219  218  217  217  215  214  212  211  210  209
  208  206  206  205  204  202  200  197  195  192  188  184  181  177  174  171
  168  166  164  161  160  159  159  160  161  163  165  168  172  176  181  186
  190  195  199  203  207  210  212  213  213
    75.0-180.0 180.0   5.0 450.0                            LAT/LON1/LON2/DLON/H
  218  219  218  217  217  216  216  216  217  219  222  224  227  231  234  236
  238  240  241  241  242  242  241  241  239  238  236  234  232  230  227  226
  224  223  222  221  220  218  215  212  208  204  200  195  189  185  181  177
  173  170  167  164  162  160  158  158  158  159  161  165  168  172  177  182
  188  193  199  204  209  212  215  217  218
    72.5-180.0 180.0   5.0 450.0                            LAT/LON1/LON2/DLON/H
  221  222  223  222  222  221  221  222  224  227  230  234  239  244  248  253
  256  258  260  262  263  264  264  263  262  260  258  255  252  248  245  242
  240  238  236  235  234  232  228  224  220  213  207  200  195  189  184  181
  177  174  169  167  163  160  157  156  155  155  156  158  161  165  170  176
  182  188  195  201  207  212  216  219  221
    70.0-180.0 180.0   5.0 450.0                            LAT/LON1/LON2/DLON/H
  224  226  227  227  227  227  228  229  231  234  239  244  250  256  260  265
  269  272  275  278  281  283  285  285  284  281  278  274  269  264  261  256
  253  250  249  248  246  243  238  232  225  218  209  201  194  189  185  180
  177  173  170  166  162  158  155  152  150  149  148  150  153  156  161  167
  174  181  189  197  204  210  216  220  224
    67.5-180.0 180.0   5.0 450.0                            LAT/LON1/LON2/DLON/H
  226  230  232  233  234  234  235  236  238  242  246  252  258  263  269  273
  277  281  284  289  293  298  301  302  301  297  292  287  281  277  272  267
  265  262  260  257  254  250  244  236  226  216  207  197  190  183  179  175
  172  170  165  162  158  154  149  145  142  141  140  140  142  146  151  158
  166  174  184  193  201  209  216  222  226
    65.0-180.0 180.0   5.0 450.0                            LAT/LON1/LON2/DLON/H
  230  235  238  240  241  242  242  242  244  247  251  256  262  267  272  276
  280  283  287  293  298  305  310  313  311  307  300  294  289  284  280  277
  275  273  271  268  263  257  248  236  225  212  201  191  183  176  172  168
  165  162  158  153  149  145  141  137  134  132  131  131  133  137  142  150
  159  169  180  191  200  210  217  225  230
    62.5-180.0 180.0   5.0 450.0                            LAT/LON1/LON2/DLON/H
  235  241  245  247  248  249  248  247  248  250  253  258  262  267  272  275
  277  281  285  291  299  307  314  317  316  310  304  298  292  290  287  287
  287  286  284  280  273  263  250  236  222  208  196  186  178  171  166  161
  157  153  148  143  138  135  132  128  127  124  123  124  127  130  137  146
  156  168  180  192  204  213  222  230  235
    60.0-180.0 180.0   5.0 450.0                            LAT/LON1/LON2/DLON/H
  243  249  252  255  256  255  254  252  251  252  253  256  261  264  268  271
  273  277  280  287  295  305  313  317  316  311  305  300  296  295  296  298
  300  300  299  293  284  271  255  238  222  208  196  186  178  171  165  158
  153  146  140  134  131  127  125  124  122  121  121  122  124  128  136  146
  157  171  185  199  211  222  230  238  243
    57.5-180.0 180.0   5.0 450.0                            LAT/LON1/LON2/DLON/H
  255  259  263  264  265  264  261  258  255  253  253  255  257  261  264  267
  268  272  276  283  292  301  310  314  314  309  304  300  300  302  306  311
  316  317  315  308  295  279  261  243  226  212  202  193  186  178  170  162
  154  146  139  132  129  125  124  124  123  124  124  126  129  134  141  151
  164  180  195  209  222  233  241  248  255
    55.0-180.0 180.0   5.0 450.0                            LAT/LON1/LON2/DLON/H
  267  272  275  277  278  276  272  268  263  259  258  258  258  260  262  264
  267  270  274  281  289  298  307  311  311  309  306  304  307  312  318  326
  331  333  329  319  305  286  267  249  233  221  212  206  199  190  182  172
  162  153  145  138  135  132  132  132  133  134  136  138  141  146  152  162
  175  191  207  223  236  247  255  263  267
    52.5-180.0 180.0   5.0 450.0                            LAT/LON1/LON2/DLON/H
  284  288  291  294  294  293  291  286  281  276  271  268  266  265  265  267
  269  273  276  281  288  297  304  309  310  310  310  312  317  324  331  339
  343  344  339  327  311  291  272  255  241  232  225  220  213  205  197  186
  177  168  161  155  151  149  148  149  150  151  153  155  158  162  166  175
  188  204  221  237  251  262  271  279  284
    50.0-180.0 180.0   5.0 450.0                            LAT/LON1/LON2/DLON/H
  303  308  312  314  317  316  316  313  308  303  297  291  284  279  276  275
  276  278  281  285  291  297  303  308  311  312  316  321  328  336  343  349
  351  349  342  329  312  294  276  262  251  242  238  233  228  220  212  203
  196  189  183  177  173  170  169  169  170  172  173  175  177  179  183  189
  202  218  236  252  267  279  289  297  303
    47.5-180.0 180.0   5.0 450.0                            LAT/LON1/LON2/DLON/H
  326  332  336  339  342  345  348  348  346  342  336  326  315  305  297  291
  289  288  289  291  295  299  305  309  313  318  324  331  339  347  352  354
  352  348  340  327  312  295  280  268  259  253  248  243  237  231  225  219
  214  209  204  200  196  193  190  190  190  192  193  194  194  195  196  202
  213  230  249  267  282  295  307  317  326
    45.0-180.0 180.0   5.0 450.0                            LAT/LON1/LON2/DLON/H
  351  358  362  366  371  377  383  388  391  390  384  373  358  341  327  315
  307  302  301  300  301  304  308  313  319  326  333  342  350  355  357  356
  352  347  339  327  314  300  287  277  269  262  256  249  244  239  234  231
  228  225  222  218  214  210  207  207  207  207  209  209  209  207  206  211
  223  241  261  280  298  312  326  340  351
    42.5-180.0 180.0   5.0 450.0                            LAT/LON1/LON2/DLON/H
  376  385  390  394  399  408  419  430  439  443  439  427  408  386  364  346
  331  321  316  312  311  312  315  319  326  334  343  353  359  362  363  360
  356  351  345  335  323  312  301  292  283  274  266  257  251  245  242  240
  237  234  231  227  223  221  219  219  218  219  219  218  217  214  214  218
  230  250  272  294  314  331  348  363  376
    40.0-180.0 180.0   5.0 450.0                            LAT/LON1/LON2/DLON/H
  401  411  416  420  427  438  454  471  486  495  493  483  462  436  408  383
  361  345  335  329  324  324  325  329  336  344  354  363  369  373  374  373
  372  370  366  359  348  335  324  313  302  291  280  270  261  255  250  246
  241  237  232  229  226  226  226  227  227  227  226  224  222  220  218  224
  237  258  283  309  330  349  368  386  401
    37.5-180.0 180.0   5.0 450.0                            LAT/LON1/LON2/DLON/H
  422  433  439  443  451  465  484  507  527  541  544  536  516  489  457  425
  397  376  361  351  344  340  339  342  348  357  366  376  384  391  396  401
  406  409  408  401  387  371  357  344  330  316  302  291  280  271  263  255
  247  239  233  231  230  233  234  236  235  234  232  230  227  224  224  229
  244  267  294  321  346  367  386  406  422
    35.0-180.0 180.0   5.0 450.0                            LAT/LON1/LON2/DLON/H
  439  450  457  463  472  488  510  537  562  580  588  584  568  542  506  470
  437  411  392  377  367  360  357  357  362  370  380  391  403  417  433  448
  461  469  467  456  438  417  398  381  365  349  334  321  309  296  284  272
  259  249  242  240  242  245  249  249  247  243  239  236  233  230  230  236
  252  275  304  334  360  382  403  422  439
    32.5-180.0 180.0   5.0 450.0                            LAT/LON1/LON2/DLON/H
  450  462  471  479  490  507  532  561  589  611  624  626  616  592  557  518
  482  452  430  412  396  384  376  373  376  384  396  411  431  455  482  509
  530  540  536  519  493  466  442  420  401  385  370  357  345  331  316  300
  285  273  267  266  269  272  273  270  264  257  250  245  242  239  239  246
  260  283  313  344  371  394  415  433  450
    30.0-180.0 180.0   5.0 450.0                            LAT/LON1/LON2/DLON/H
  457  471  482  493  506  525  551  580  609  634  652  661  657  638  606  566
  529  499  474  451  430  411  398  391  392  401  416  437  465  502  542  577
  604  613  603  577  543  510  481  455  434  417  404  394  384  372  356  340
  326  316  312  312  313  313  308  299  286  274  263  256  252  250  250  255
  268  290  318  349  377  402  422  440  457
    27.5-180.0 180.0   5.0 450.0                            LAT/LON1/LON2/DLON/H
  463  479  494  508  524  544  569  598  626  653  674  690  694  682  651  614
  578  548  520  493  467  442  422  411  411  423  442  469  508  554  604  646
  672  675  655  618  577  540  506  476  453  437  428  423  420  413  402  389
  380  374  373  372  368  361  347  329  309  291  277  267  261  259  259  263
  274  293  319  350  379  404  426  445  463
    25.0-180.0 180.0   5.0 450.0                            LAT/LON1/LON2/DLON/H
  469  488  507  526  545  566  591  618  645  671  695  716  727  720  694  660
  627  598  570  539  506  475  449  435  435  449  474  510  555  610  663  705
  725  716  682  634  586  546  510  477  452  437  434  437  444  448  445  438
  434  434  434  432  423  407  383  356  329  305  287  275  267  264  263  265
  273  291  316  345  375  403  427  449  469
    22.5-180.0 180.0   5.0 450.0                            LAT/LON1/LON2/DLON/H
  480  503  526  549  570  593  618  642  667  691  717  742  759  756  734  704
  676  650  621  585  548  512  482  466  468  485  517  559  609  665  716  749
  756  731  680  619  566  524  487  452  425  412  416  431  451  467  474  474
  475  479  481  478  466  442  408  373  341  314  293  277  268  264  260  260
  265  281  306  336  369  400  428  455  480
    20.0-180.0 180.0   5.0 450.0                            LAT/LON1/LON2/DLON/H
  493  522  549  576  601  626  652  674  696  718  744  771  791  792  774  748
  725  702  672  634  592  552  520  505  509  533  570  616  667  717  758  777
  764  718  648  576  518  475  438  402  376  367  379  406  438  466  480  487
  492  498  501  498  484  455  416  375  342  315  291  275  262  255  249  245
  249  264  290  324  361  398  431  463  493
    17.5-180.0 180.0   5.0 450.0                            LAT/LON1/LON2/DLON/H
  512  545  577  606  635  663  689  712  731  751  776  805  826  830  816  795
  776  757  726  686  642  599  567  553  561  589  630  678  724  764  789  788
  752  682  594  510  446  404  370  338  315  312  332  367  406  440  460  469
  474  480  485  485  474  446  405  366  335  309  287  268  253  242  232  224
  226  241  271  311  354  397  438  476  512
    15.0-180.0 180.0   5.0 450.0                            LAT/LON1/LON2/DLON/H
  534  572  606  638  669  700  729  751  769  788  812  842  866  872  862  845
  832  815  786  744  697  655  623  611  621  652  695  739  777  801  807  782
  722  630  525  432  366  328  301  277  260  263  287  323  361  392  412  423
  431  435  443  449  444  421  384  348  322  301  279  259  241  226  212  201
  200  216  250  298  349  401  447  492  534
    12.5-180.0 180.0   5.0 450.0                            LAT/LON1/LON2/DLON/H
  558  600  635  668  702  736  767  789  807  825  849  880  907  917  911  900
  891  878  849  809  761  718  688  676  686  716  756  793  820  828  811  765
  683  573  459  363  302  269  250  234  225  233  256  284  312  335  352  367
  376  381  389  402  405  389  358  328  308  292  272  251  231  212  194  179
  176  193  232  286  348  406  458  509  558
    10.0-180.0 180.0   5.0 450.0                            LAT/LON1/LON2/DLON/H
  580  625  663  696  731  769  801  826  843  859  883  915  945  961  962  957
  953  943  918  879  834  791  760  746  752  776  809  836  849  840  806  743
  648  530  414  325  271  246  234  226  224  233  249  264  276  288  302  319
  329  333  342  357  366  357  335  313  298  285  267  245  223  202  180  162
  157  175  217  279  346  411  470  526  580
     7.5-180.0 180.0   5.0 450.0                            LAT/LON1/LON2/DLON/H
  598  648  687  721  759  799  836  861  876  890  911  942  975  998 1008 1011
 1012 1007  986  951  909  867  835  815  815  830  850  865  865  844  798  726
  629  515  410  333  290  271  264  258  258  265  272  271  267  267  279  296
  307  308  313  327  338  334  318  303  293  281  264  241  218  195  172  152
  145  162  207  273  346  415  479  540  598
     5.0-180.0 180.0   5.0 450.0                            LAT/LON1/LON2/DLON/H
  613  666  708  745  785  829  869  896  910  917  933  962  996 1024 1042 1053
 1061 1060 1046 1017  978  938  904  880  870  873  881  883  872  842  793  724
  636  539  455  398  366  348  334  323  322  325  323  309  292  286  298  315
  321  313  310  315  321  316  305  296  288  277  259  237  214  191  168  147
  140  157  202  269  345  417  483  550  613
     2.5-180.0 180.0   5.0 450.0                            LAT/LON1/LON2/DLON/H
  620  680  727  768  813  861  904  933  944  944  951  972 1003 1035 1060 1079
 1092 1097 1088 1065 1033  997  962  934  915  906  901  892  873  842  797  741
  674  604  547  507  479  453  427  407  401  404  397  376  355  349  357  367
  360  339  321  312  309  302  294  289  283  271  253  231  208  187  165  145
  138  155  200  267  342  415  483  552  620
