Assets/GIM/IGS0OPSRAP_20242420000_01D_02H_GIM.INX
     1.0            IONOSPHERE MAPS     MIX                 IONEX VERSION / TYPE
tecrms2ionex_2.awk  SRRC/UWM           08/31/24  508UT      PGM / RUN BY / DATE
Global ionosphere maps for day 242, 2024 (29- 8-2024)       DESCRIPTION
IONEX file containing the COMBINED IGS Ionosphere maps      DESCRIPTION
from the combination of all available IAACS                 DESCRIPTION
Contact address: Andrzej Krankowski                         DESCRIPTION
                 Space Radio-Diagnostics Research Centre    DESCRIPTION
                 University of Warmia and Mazury (SRRC/UWM) DESCRIPTION
                 Oczapowski St. 1                           DESCRIPTION
                 10-957-Olsztyn, POLAND                     DESCRIPTION
                 e-mail:  kand@uwm.edu.pl                   DESCRIPTION
                                                            DESCRIPTION
  2024     8    29     0     0     0                        EPOCH OF FIRST MAP
  2024     8    30     0     0     0                        EPOCH OF LAST MAP
  7200                                                      INTERVAL
    13                                                      # OF MAPS IN FILE
  COSZ                                                      MAPPING FUNCTION
     0.0                                                    ELEVATION CUTOFF
Combined TEC calculated as weighted mean of input TEC valuesOBSERVABLES USED
   255                                                      # OF STATIONS
    31                                                      # OF SATELLITES
  6371.0                                                    BASE RADIUS
     2                                                      MAP DIMENSION
   450.0 450.0   0.0                                        HGT1 / HGT2 / DHGT
    87.5 -87.5  -2.5                                        LAT1 / LAT2 / DLAT
  -180.0 180.0   5.0                                        LON1 / LON2 / DLON
    -1                                                      EXPONENT
TEC values in  0.1 TECUs; 9999 if no value available        COMMENT
DCB values in nanoseconds, reference is Sum_of_SatDCBs = 0  COMMENT
                                                            END OF HEADER
[from data line 1287]
     4                                                      START OF TEC MAP
  2024     8    29     6     0     0                        EPOCH OF CURRENT MAP
    87.5-180.0 180.0   5.0 450.0                            LAT/LON1/LON2/DLON/H
  184  184  183  182  181  181  181  180  179  179  179  178  178  177  177  176
  176  176  175  175  174  174  174  174  174  174  174  174  174  174  174  175
  176  176  177  178  179  179  180  182  183  184  185  185  187  187  188  189
  190  190  191  192  192  192  192  192  193  193  193  193  192  191  191  191
  190  189  188  188  187  186  185  185  184
    85.0-180.0 180.0   5.0 450.0                            LAT/LON1/LON2/DLON/H
  183  182  181  179  178  177  176  176  175  175  174  174  173  173  172  172
  171  170  170  169  168  167  166  166  165  164  164  164  164  164  165  166
  167  168  170  172  173  176  178  180  183  185  188  190  193  195  197  198
  200  201  202  204  204  205  205  205  205  205  205  204  203  201  200  199
  197  195  193  191  189  188  186  185  183
    82.5-180.0 180.0   5.0 450.0                            LAT/LON1/LON2/DLON/H
  181  178  177  175  173  172  171  170  169  169  169  168  168  168  168  167
  166  166  165  164  163  161  160  159  157  156  154  154  154  154  155  156
  158  160  163  167  170  174  178  181  186  189  194  198  201  204  207  210
  213  214  216  218  219  220  220  220  220  220  218  217  215  213  211  209
  206  203  199  196  193  189  186  183  181
    80.0-180.0 180.0   5.0 450.0                            LAT/LON1/LON2/DLON/H
  180  176  173  170  168  166  165  163  162  162  161  161  161  161  161  161
  161  161  160  159  157  156  154  152  150  148  146  145  145  145  146  148
  151  155  159  164  169  175  180  186  191  197  202  207  212  216  219  223
  226  228  231  233  234  235  236  236  236  235  234  233  230  228  224  222
  218  213  209  204  199  194  189  185  180
    77.5-180.0 180.0   5.0 450.0                            LAT/LON1/LON2/DLON/H
  184  178  173  169  165  161  158  156  154  152  151  151  152  152  152  152
  153  154  154  154  153  152  150  147  144  141  140  138  137  138  140  143
  147  152  158  165  172  179  187  193  200  206  212  217  222  227  231  235
  238  242  244  246  248  250  250  251  251  250  250  249  247  245  241  238
  233  228  222  215  209  202  196  190  184
    75.0-180.0 180.0   5.0 450.0                            LAT/LON1/LON2/DLON/H
  192  184  178  171  166  160  155  150  147  143  141  139  139  139  140  142
  144  146  147  149  149  149  147  144  141  138  135  133  132  133  135  140
  145  153  161  169  178  187  195  202  209  216  222  227  232  236  241  245
  249  252  256  258  260  261  263  263  264  264  264  264  263  261  259  256
  251  246  239  231  224  216  208  200  192
    72.5-180.0 180.0   5.0 450.0                            LAT/LON1/LON2/DLON/H
  205  196  188  180  171  164  156  149  141  136  130  127  126  125  127  129
  133  136  140  143  145  145  144  142  139  135  132  129  129  129  132  137
  145  154  163  174  184  194  202  210  217  224  230  235  239  243  248  252
  256  260  263  267  269  271  272  273  274  275  276  276  277  277  275  272
  268  264  257  249  241  232  223  214  205
    70.0-180.0 180.0   5.0 450.0                            LAT/LON1/LON2/DLON/H
  220  211  201  192  182  172  161  151  141  132  124  118  115  113  114  116
  120  125  130  134  138  140  140  138  136  131  127  125  123  124  128  134
  143  153  164  176  187  197  206  215  222  228  234  238  243  248  252  257
  262  266  270  274  277  279  279  280  281  282  284  285  287  288  288  286
  283  278  271  264  256  247  239  229  220
    67.5-180.0 180.0   5.0 450.0                            LAT/LON1/LON2/DLON/H
  234  225  216  206  195  184  172  159  146  133  123  114  108  104  103  104
  108  113  119  125  130  133  134  132  128  124  119  116  115  116  120  128
  137  149  161  173  185  195  205  213  221  228  235  240  245  251  256  262
  268  273  278  282  284  285  286  286  286  287  288  291  293  294  294  293
  291  286  281  274  267  259  251  243  234
    65.0-180.0 180.0   5.0 450.0                            LAT/LON1/LON2/DLON/H
  244  237  228  219  209  197  184  170  155  140  127  116  106  100   97   96
   98  102  108  113  118  121  121  120  117  112  107  104  103  105  110  118
  128  140  153  165  176  187  197  207  216  225  234  241  248  255  262  268
  276  282  287  292  294  294  293  291  290  290  290  292  294  295  296  293
  291  287  283  277  271  265  258  252  244
    62.5-180.0 180.0   5.0 450.0                            LAT/LON1/LON2/DLON/H
  250  244  236  228  218  208  195  181  166  150  134  121  110  101   94   92
   91   93   97  101  105  107  107  106  102   97   93   89   89   91   97  106
  117  128  141  153  164  175  186  198  209  221  232  243  252  262  270  279
  287  294  300  304  305  304  302  299  296  294  293  293  294  294  293  290
  286  281  277  273  268  264  260  255  250
    60.0-180.0 180.0   5.0 450.0                            LAT/LON1/LON2/DLON/H
  250  245  239  232  224  214  204  191  176  160  144  130  117  106   97   91
   89   87   88   89   92   93   93   90   86   82   79   76   76   78   85   93
  104  116  128  140  151  163  175  189  203  218  232  245  258  270  282  292
  301  309  315  319  320  317  313  308  304  300  298  297  296  295  291  286
  280  275  270  266  264  261  258  255  250
    57.5-180.0 180.0   5.0 450.0                            LAT/LON1/LON2/DLON/H
  251  245  238  231  224  216  207  196  182  167  153  138  125  113  103   95
   89   84   81   81   81   81   79   78   74   70   67   66   66   69   76   84
   95  106  117  129  140  154  167  183  200  218  235  251  266  281  294  307
  318  327  333  336  336  334  329  322  315  310  307  305  302  299  293  287
  279  272  267  264  262  260  258  255  251
    55.0-180.0 180.0   5.0 450.0                            LAT/LON1/LON2/DLON/H
  254  246  237  228  220  214  206  197  185  172  159  144  132  121  110  100
   92   84   79   75   74   73   72   71   68   65   63   63   64   67   72   80
   89  100  111  123  136  150  166  184  202  221  240  258  275  292  309  323
  336  345  351  354  354  351  345  339  332  326  323  319  315  310  304  295
  286  278  273  270  268  267  265  260  254
    52.5-180.0 180.0   5.0 450.0                            LAT/LON1/LON2/DLON/H
  266  254  241  229  220  212  205  196  186  174  161  148  136  126  115  105
   96   87   79   74   72   72   72   71   69   68   67   67   68   71   75   81
   90   99  111  124  138  154  170  189  208  227  247  266  285  305  324  341
  355  364  371  373  373  369  364  358  352  346  342  339  335  329  322  312
  303  296  291  289  287  285  282  275  266
    50.0-180.0 180.0   5.0 450.0                            LAT/LON1/LON2/DLON/H
  287  270  252  237  225  216  208  199  189  176  162  150  138  129  119  109
  100   90   82   77   75   76   78   77   78   78   77   77   78   80   82   87
   94  104  116  131  146  163  180  198  218  237  255  275  296  318  339  359
  374  385  391  394  393  390  386  380  374  369  365  361  358  352  345  336
  328  322  319  317  316  314  310  301  287
    47.5-180.0 180.0   5.0 450.0                            LAT/LON1/LON2/DLON/H
  318  297  274  253  237  227  217  207  196  182  167  152  140  131  121  112
  104   96   89   84   84   86   88   90   91   91   92   93   93   93   93   96
  102  112  125  142  158  176  193  212  228  247  265  285  308  333  357  379
  397  409  415  418  417  415  410  404  398  393  388  384  380  375  369  361
  356  351  350  350  351  349  345  335  318
    45.0-180.0 180.0   5.0 450.0                            LAT/LON1/LON2/DLON/H
  351  327  301  277  258  245  233  222  209  193  175  159  145  134  125  117
  109  103   99   97   97  101  104  106  107  108  110  111  110  108  106  107
  111  121  135  153  171  190  207  224  240  258  277  298  324  351  379  404
  424  437  444  446  446  443  439  432  424  418  411  406  401  396  390  384
  380  378  379  380  382  382  379  369  351
    42.5-180.0 180.0   5.0 450.0                            LAT/LON1/LON2/DLON/H
  380  356  327  302  281  266  254  241  226  208  188  170  154  141  131  124
  118  113  111  111  115  119  121  124  125  126  127  127  127  124  121  118
  121  129  143  163  184  204  220  237  254  270  290  315  342  373  405  433
  456  470  478  482  482  479  473  464  453  442  433  425  419  413  406  400
  396  396  398  402  404  405  403  396  380
    40.0-180.0 180.0   5.0 450.0                            LAT/LON1/LON2/DLON/H
  399  376  348  322  301  284  272  260  245  225  204  185  168  154  143  135
  130  127  127  129  133  137  140  143  143  144  145  146  144  140  134  130
  129  135  150  171  194  215  233  250  267  285  308  334  366  399  434  466
  490  507  517  523  525  522  514  501  486  471  458  447  437  429  420  413
  407  407  409  412  413  415  415  412  399
    37.5-180.0 180.0   5.0 450.0                            LAT/LON1/LON2/DLON/H
  406  387  361  334  311  295  283  272  258  240  220  201  185  171  159  151
  146  144  145  148  153  158  162  163  164  164  163  163  162  156  148  141
  137  140  154  177  202  226  246  263  281  302  328  358  392  429  466  499
  526  546  560  569  573  572  563  548  528  509  490  474  461  449  438  427
  421  419  418  418  415  414  414  414  406
    35.0-180.0 180.0   5.0 450.0                            LAT/LON1/LON2/DLON/H
  408  390  365  337  312  295  283  274  262  247  231  216  203  190  179  170
  164  162  162  166  171  178  183  187  187  187  185  184  180  174  164  153
  144  144  156  180  209  235  257  277  298  321  350  384  421  459  497  531
  561  584  603  617  627  629  621  604  581  557  532  512  494  480  467  456
  446  441  437  432  424  417  415  414  408
    32.5-180.0 180.0   5.0 450.0                            LAT/LON1/LON2/DLON/H
  419  400  371  337  308  286  274  266  256  246  235  226  218  208  199  190
  183  179  179  182  189  197  206  213  216  216  212  208  202  193  181  167
  154  148  157  182  214  245  270  293  315  341  373  408  447  485  523  558
  591  619  645  667  684  692  687  671  647  619  589  563  544  528  515  502
  492  484  477  466  452  439  431  427  419
    30.0-180.0 180.0   5.0 450.0                            LAT/LON1/LON2/DLON/H
  452  429  395  352  312  281  264  254  246  239  233  230  227  222  215  208
  200  196  193  195  203  217  231  243  249  248  243  235  227  214  199  181
  163  153  159  184  220  255  284  308  333  361  395  431  468  506  543  580
  616  649  684  716  743  757  758  746  723  691  659  629  608  594  583  574
  564  555  545  533  513  492  476  466  452
    27.5-180.0 180.0   5.0 450.0                            LAT/LON1/LON2/DLON/H
  521  491  448  396  342  298  270  252  241  233  231  231  232  231  227  221
  215  210  206  208  217  235  255  273  284  283  275  263  249  233  215  193
  171  157  161  187  225  265  298  325  352  380  413  448  484  521  558  596
  635  676  721  764  800  822  830  822  801  769  733  702  681  671  666  662
  656  649  641  630  611  585  561  541  521
    25.0-180.0 180.0   5.0 450.0                            LAT/LON1/LON2/DLON/H
  627  593  545  482  413  353  308  277  256  242  236  235  237  235  233  230
  226  222  218  220  231  252  279  302  316  315  305  288  269  249  228  203
  177  160  162  190  231  274  312  343  370  398  428  461  494  528  567  609
  653  702  756  810  853  881  894  892  873  842  805  775  759  754  757  760
  759  755  752  747  731  706  680  655  627
    22.5-180.0 180.0   5.0 450.0                            LAT/LON1/LON2/DLON/H
  756  725  681  615  534  455  390  340  304  278  262  255  248  242  239  238
  237  235  232  234  246  270  299  326  341  340  326  305  282  258  235  207
  180  161  164  192  237  284  326  360  388  413  441  469  500  536  578  624
  674  729  791  850  897  929  945  946  932  903  867  841  831  834  844  855
  859  860  861  862  854  833  808  782  756
    20.0-180.0 180.0   5.0 450.0                            LAT/LON1/LON2/DLON/H
  880  861  831  775  694  605  521  449  392  349  319  298  281  265  254  252
  252  251  250  252  262  286  316  342  355  353  337  312  286  261  235  207
  178  161  165  196  242  293  338  376  405  430  454  478  508  547  593  645
  700  759  824  883  930  961  979  983  971  944  914  894  892  904  920  936
  945  948  952  958  956  942  923  900  880
    17.5-180.0 180.0   5.0 450.0                            LAT/LON1/LON2/DLON/H
  973  968  957  922  854  768  678  592  515  454  408  373  340  310  289  281
  279  276  273  274  282  301  328  351  361  355  337  312  284  258  231  203
  176  160  166  199  247  302  351  391  423  447  469  492  522  564  617  675
  733  794  855  909  951  979  996 1001  993  969  945  933  941  959  979  996
 1007 1011 1012 1015 1016 1011  998  984  973
    15.0-180.0 180.0   5.0 450.0                            LAT/LON1/LON2/DLON/H
 1007 1016 1028 1016  971  901  820  734  652  581  526  479  431  384  349  331
  321  314  306  301  303  316  336  352  358  349  331  306  277  251  224  198
  173  160  169  203  253  309  362  405  439  464  486  510  542  590  649  711
  772  830  884  929  963  987 1001 1008 1001  983  964  960  974  997 1018 1034
 1045 1045 1039 1033 1030 1027 1020 1010 1007
    12.5-180.0 180.0   5.0 450.0                            LAT/LON1/LON2/DLON/H
  975  986 1009 1021 1005  963  903  833  760  695  643  597  544  487  437  404
  382  364  347  332  326  329  340  349  349  339  320  296  270  244  219  193
  170  160  171  207  258  315  370  416  452  480  504  531  569  621  685  750
  809  862  908  942  968  988 1002 1008 1004  990  976  978  996 1019 1038 1053
 1061 1057 1041 1022 1012 1006  997  983  975
    10.0-180.0 180.0   5.0 450.0                            LAT/LON1/LON2/DLON/H
  900  892  905  920  927  918  894  854  808  764  731  699  654  595  538  494
  457  425  394  367  348  340  342  344  339  327  310  289  264  238  213  190
  170  162  174  209  260  318  374  422  461  492  520  551  594  651  716  781
  839  887  923  950  970  988 1002 1009 1007  996  987  990 1007 1027 1042 1054
 1059 1052 1027  997  976  965  950  924  900
     7.5-180.0 180.0   5.0 450.0                            LAT/LON1/LON2/DLON/H
  814  775  756  754  759  768  774  774  769  763  763  758  733  684  630  579
  533  486  441  399  367  349  343  339  331  319  304  284  260  234  211  188
  169  163  176  210  260  318  374  422  463  496  528  565  611  670  736  800
  855  898  928  951  970  989 1006 1014 1013 1005  996  998 1008 1022 1033 1042
 1047 1038 1010  972  944  927  904  863  814
     5.0-180.0 180.0   5.0 450.0                            LAT/LON1/LON2/DLON/H
  754  676  615  577  563  567  585  612  643  680  721  753  757  732  690  642
  591  535  478  424  381  355  342  335  325  313  299  280  257  233  208  186
  168  162  175  207  256  313  368  416  456  491  526  565  615  675  739  801
  854  894  923  945  966  990 1010 1018 1018 1010 1003 1000 1002 1007 1015 1023
 1028 1022  996  960  932  912  882  828  754
     2.5-180.0 180.0   5.0 450.0                            LAT/LON1/LON2/DLON/H
  752  639  531  449  399  382  392  426  478  542  614  679  717  723  703  667
  619  561  498  439  389  358  342  331  321  310  295  276  253  228  205  183
  166  158  169  200  247  303  357  404  442  476  512  553  603  662  724  786
  837  878  908  932  957  985 1008 1018 1017 1010 1002  994  987  986  991  999
 1006 1004  987  960  939  923  898  842  752
