Assets/GIM/IGS0OPSRAP_20242180000_01D_02H_GIM.INX
     1.0            IONOSPHERE MAPS     MIX                 IONEX VERSION / TYPE
tecrms2ionex_2.awk  SRRC/UWM           08/07/24  508UT      PGM / RUN BY / DATE
Global ionosphere maps for day 218, 2024 ( 5- 8-2024)       DESCRIPTION
IONEX file containing the COMBINED IGS Ionosphere maps      DESCRIPTION
from the combination of all available IAACS                 DESCRIPTION
Contact address: Andrzej Krankowski                         DESCRIPTION
                 Space Radio-Diagnostics Research Centre    DESCRIPTION
                 University of Warmia and Mazury (SRRC/UWM) DESCRIPTION
                 Oczapowski St. 1                           DESCRIPTION
                 10-957-Olsztyn, POLAND                     DESCRIPTION
                 e-mail:  kand@uwm.edu.pl                   DESCRIPTION
                                                            DESCRIPTION
  2024     8     5     0     0     0                        EPOCH OF FIRST MAP
  2024     8     6     0     0     0                        EPOCH OF LAST MAP
  7200                                                      INTERVAL
    13                                                      # OF MAPS IN FILE
  COSZ                                                      MAPPING FUNCTION
     0.0                                                    ELEVATION CUTOFF
Combined TEC calculated as weighted mean of input TEC valuesOBSERVABLES USED
   248                                                      # OF STATIONS
    31                                                      # OF SATELLITES
  6371.0                                                    BASE RADIUS
     2                                                      MAP DIMENSION
   450.0 450.0   0.0                                        HGT1 / HGT2 / DHGT
    87.5 -87.5  -2.5                                        LAT1 / LAT2 / DLAT
  -180.0 180.0   5.0                                        LON1 / LON2 / DLON
    -1                                                      EXPONENT
TEC values in  0.1 TECUs; 9999 if no value available        COMMENT
DCB values in nanoseconds, reference is Sum_of_SatDCBs = 0  COMMENT
                                                            END OF HEADER
[from data line 1716]
     5                                                      START OF TEC MAP
  2024     8     5     8     0     0                        EPOCH OF CURRENT MAP
    87.5-180.0 180.0   5.0 450.0                            LAT/LON1/LON2/DLON/H
  169  170  171  171  172  173  175  176  176  178  178  179  180  180  181  181
  181  182  182  183  183  183  184  184  184  183  183  183  183  183  183  182
  182  182  181  181  181  180  180  179  179  178  178  178  177  177  176  175
  175  174  173  172  171  171  170  169  169  168  168  167  167  166  166  166
  166  166  166  166  166  167  168  168  169
    85.0-180.0 180.0   5.0 450.0                            LAT/LON1/LON2/DLON/H
  160  163  164  166  168  170  172  174  177  178  180  182  183  184  184  185
  186  186  186  186  186  186  185  185  185  184  184  183  183  182  182  182
  182  182  182  182  182  182  182  182  182  181  181  181  181  180  179  178
  177  176  175  173  172  170  169  167  165  164  162  161  159  158  157  157
  156  155  155  155  156  157  158  159  160
    82.5-180.0 180.0   5.0 450.0                            LAT/LON1/LON2/DLON/H
  152  154  157  161  163  167  169  172  175  177  179  182  183  184  185  185
  185  185  184  184  183  182  181  180  179  178  178  177  177  177  177  177
  177  178  179  180  182  183  184  185  186  187  187  188  188  187  187  186
  185  185  183  181  179  177  175  173  169  167  165  162  159  157  155  153
  150  149  148  147  147  148  149  150  152
    80.0-180.0 180.0   5.0 450.0                            LAT/LON1/LON2/DLON/H
  147  149  151  154  157  161  165  168  171  174  176  177  178  179  179  179
  178  177  176  175  174  173  172  171  170  169  168  167  167  167  167  168
  169  171  174  177  180  183  186  189  192  194  196  198  199  200  200  200
  199  199  197  196  194  193  190  187  184  181  177  174  170  166  162  158
  155  153  150  148  146  145  145  146  147
    77.5-180.0 180.0   5.0 450.0                            LAT/LON1/LON2/DLON/H
  145  146  147  150  152  156  159  162  165  168  170  171  170  170  169  168
  166  165  163  163  161  161  160  158  157  157  156  155  154  155  155  157
  160  163  167  173  178  183  189  195  200  204  207  209  212  215  216  217
  217  217  217  217  216  215  212  210  207  204  200  196  191  186  181  177
  172  166  162  157  154  150  148  146  145
    75.0-180.0 180.0   5.0 450.0                            LAT/LON1/LON2/DLON/H
  149  147  147  147  149  151  154  157  159  161  162  162  160  158  156  154
  152  150  149  148  148  148  148  147  146  146  145  144  145  145  146  148
  152  156  161  169  176  184  193  200  207  214  219  223  227  230  233  235
  238  240  241  241  241  240  239  237  234  231  228  224  219  214  208  203
  196  190  183  176  170  163  158  153  149
    72.5-180.0 180.0   5.0 450.0                            LAT/LON1/LON2/DLON/H
  159  154  149  147  147  148  149  151  153  154  153  152  149  146  142  140
  137  136  136  136  137  137  138  138  138  138  138  138  138  138  140  143
  147  152  159  167  177  187  197  207  217  225  232  237  242  246  250  254
  257  261  263  264  265  264  264  261  260  256  252  250  245  241  236  230
  224  217  210  201  192  183  175  166  159
    70.0-180.0 180.0   5.0 450.0                            LAT/LON1/LON2/DLON/H
  171  163  155  150  147  146  146  146  147  147  145  142  138  134  131  127
  126  125  126  127  129  131  132  133  133  133  133  134  134  135  137  141
  145  152  160  170  180  192  205  217  227  236  244  250  256  261  267  272
  277  281  283  285  286  284  282  280  277  273  269  266  263  260  256  251
  246  240  233  224  215  204  193  181  171
    67.5-180.0 180.0   5.0 450.0                            LAT/LON1/LON2/DLON/H
  184  173  162  154  147  144  142  141  140  139  136  133  128  124  121  118
  117  118  120  122  125  127  128  130  131  131  133  133  134  135  138  142
  147  153  163  173  186  200  215  227  239  249  257  264  270  277  283  289
  295  299  301  302  300  298  293  288  282  277  272  269  266  263  261  259
  256  252  247  240  231  221  209  197  184
    65.0-180.0 180.0   5.0 450.0                            LAT/LON1/LON2/DLON/H
  194  181  168  157  149  143  138  136  134  131  129  125  120  116  113  112
  113  115  117  120  123  125  126  128  129  130  131  133  135  137  140  144
  150  158  168  180  195  209  226  240  253  264  273  280  287  294  301  307
  313  317  317  315  310  304  295  286  276  268  261  256  252  250  250  249
  249  248  246  243  238  230  220  208  194
    62.5-180.0 180.0   5.0 450.0                            LAT/LON1/LON2/DLON/H
  201  188  174  161  150  142  135  130  128  124  121  117  113  110  108  108
  110  113  115  119  121  122  123  124  125  127  128  131  135  138  142  147
  153  162  173  187  204  221  238  255  269  281  292  300  307  315  321  328
  333  335  333  327  319  306  293  279  266  253  243  236  231  228  227  227
  228  230  231  233  233  229  223  213  201
    60.0-180.0 180.0   5.0 450.0                            LAT/LON1/LON2/DLON/H
  203  191  177  164  151  141  132  126  121  117  113  110  106  104  104  104
  107  109  112  114  115  116  116  116  117  119  124  128  134  139  144  149
  157  166  179  195  213  232  253  271  288  301  312  322  331  339  346  352
  355  355  349  340  326  310  293  274  256  239  226  215  209  204  202  202
  202  204  209  214  218  220  218  213  203
    57.5-180.0 180.0   5.0 450.0                            LAT/LON1/LON2/DLON/H
  202  192  180  166  154  142  132  124  116  111  105  102   99   97   98   99
  102  105  106  107  108  106  105  105  106  110  115  123  131  139  146  152
  160  170  184  202  222  243  264  286  304  321  335  347  357  366  373  378
  379  376  367  355  337  318  296  274  252  234  218  205  195  189  185  182
  181  182  186  194  202  208  211  209  202
    55.0-180.0 180.0   5.0 450.0                            LAT/LON1/LON2/DLON/H
  202  194  184  172  159  147  135  124  114  106  100   95   92   91   91   92
   94   97   97   97   95   93   91   91   93   99  107  118  129  140  148  156
  164  175  189  207  228  251  275  298  320  341  357  372  384  393  400  404
  404  399  387  372  352  331  308  284  262  242  224  210  199  190  183  177
  172  170  173  180  189  199  204  206  202
    52.5-180.0 180.0   5.0 450.0                            LAT/LON1/LON2/DLON/H
  204  198  189  178  167  155  142  128  116  104   96   90   86   85   84   85
   86   86   86   84   82   79   77   76   80   88   99  113  127  141  151  160
  168  179  193  211  233  256  282  308  334  358  379  396  410  420  427  430
  428  421  407  391  370  348  326  303  280  260  243  229  217  207  199  190
  181  175  175  179  187  196  203  206  204
    50.0-180.0 180.0   5.0 450.0                            LAT/LON1/LON2/DLON/H
  208  203  196  187  177  166  152  136  121  107   96   87   83   80   79   79
   79   77   76   73   71   68   66   66   71   80   94  111  128  143  156  165
  175  185  198  215  235  259  286  315  345  372  397  417  433  443  451  452
  449  440  426  409  390  369  347  325  304  285  268  254  243  233  224  215
  204  194  191  191  196  204  209  211  208
    47.5-180.0 180.0   5.0 450.0                            LAT/LON1/LON2/DLON/H
  217  211  204  197  188  178  164  147  129  113  100   90   83   80   77   75
   73   71   69   67   65   62   60   61   67   77   93  112  130  147  161  172
  181  191  203  218  237  261  288  320  353  385  413  435  452  464  471  473
  469  460  446  429  410  390  369  347  326  307  290  278  267  259  251  242
  231  221  214  212  214  217  220  220  217
    45.0-180.0 180.0   5.0 450.0                            LAT/LON1/LON2/DLON/H
  225  218  212  206  200  189  175  158  139  122  107   96   89   84   80   76
   73   70   68   67   65   64   63   63   69   80   96  116  135  154  168  179
  190  199  209  222  238  261  291  325  362  398  427  451  469  481  489  492
  489  479  466  449  430  409  388  365  343  322  304  290  281  275  269  262
  255  246  238  235  234  235  234  231  225
    42.5-180.0 180.0   5.0 450.0                            LAT/LON1/LON2/DLON/H
  232  224  218  212  206  198  185  168  149  133  118  107   99   92   86   82
   78   74   72   72   73   73   73   73   77   88  103  123  143  161  177  189
  199  208  217  226  241  263  294  332  373  410  441  465  483  497  506  510
  507  500  488  471  452  429  405  380  354  329  308  292  281  275  272  271
  267  262  256  253  250  249  246  240  232
    40.0-180.0 180.0   5.0 450.0                            LAT/LON1/LON2/DLON/H
  236  226  220  215  210  202  190  174  158  142  130  119  111  104   97   91
   86   82   81   82   85   86   86   87   91   99  113  131  151  169  185  199
  210  218  225  234  245  267  300  340  384  423  455  479  499  513  523  529
  528  523  513  498  478  454  427  398  367  337  310  289  274  267  266  267
  267  267  264  261  260  257  253  245  236
    37.5-180.0 180.0   5.0 450.0                            LAT/LON1/LON2/DLON/H
  235  226  219  214  210  202  191  178  164  152  141  133  124  116  108  102
   96   92   91   94   98  101  101  102  105  111  123  140  159  178  195  210
  222  230  236  242  253  275  309  352  397  438  469  493  514  530  542  549
  553  551  544  532  514  490  461  428  392  356  323  294  274  262  258  261
  264  266  267  264  261  259  253  245  235
    35.0-180.0 180.0   5.0 450.0                            LAT/LON1/LON2/DLON/H
  233  223  216  211  206  199  189  178  168  159  152  145  136  128  120  112
  106  102  101  105  109  114  117  119  120  124  134  149  167  186  205  222
  235  243  248  253  265  287  323  367  413  452  483  508  530  548  561  573
  581  585  584  578  564  543  515  480  441  400  360  324  293  273  263  262
  265  270  271  269  265  260  253  244  233
    32.5-180.0 180.0   5.0 450.0                            LAT/LON1/LON2/DLON/H
  237  225  216  209  202  195  186  177  171  165  161  156  148  139  130  123
  117  111  110  113  119  125  130  134  136  138  145  157  174  193  214  234
  247  256  261  266  279  304  341  387  430  468  497  522  545  566  584  599
  613  625  634  636  631  616  593  562  522  478  431  385  344  311  290  282
  282  285  286  284  277  269  260  249  237
    30.0-180.0 180.0   5.0 450.0                            LAT/LON1/LON2/DLON/H
  252  239  226  215  204  195  185  179  174  172  170  165  157  148  139  132
  126  121  118  120  126  134  143  149  152  153  157  166  180  199  222  244
  259  268  274  283  298  326  365  409  451  484  511  537  563  587  609  630
  652  674  693  708  714  710  693  666  629  583  532  478  425  379  345  328
  321  323  324  319  308  294  280  265  252
    27.5-180.0 180.0   5.0 450.0                            LAT/LON1/LON2/DLON/H
  283  268  252  235  218  203  192  184  181  181  180  175  166  155  147  141
  136  129  125  125  132  142  154  165  169  168  168  173  184  202  227  251
  268  279  288  300  321  352  393  436  475  504  528  555  584  611  638  666
  696  727  757  783  801  807  800  779  744  699  646  587  525  467  422  394
  382  382  383  377  362  342  320  300  283
    25.0-180.0 180.0   5.0 450.0                            LAT/LON1/LON2/DLON/H
  333  317  295  270  247  227  211  200  196  194  192  186  175  164  155  150
  144  139  134  133  139  151  167  180  185  183  179  179  185  203  228  254
  273  289  301  319  346  381  424  467  501  528  550  576  608  640  673  707
  743  781  817  851  878  893  892  877  847  805  754  694  628  563  511  476
  458  457  459  451  432  405  377  352  333
    22.5-180.0 180.0   5.0 450.0                            LAT/LON1/LON2/DLON/H
  394  379  355  325  295  268  245  227  218  213  209  200  188  175  165  160
  155  148  143  143  149  163  179  195  200  196  188  181  183  199  225  253
  275  294  314  338  371  412  456  498  532  556  578  605  637  673  710  749
  789  828  866  902  932  951  954  942  916  879  834  780  717  652  598  561
  542  539  540  532  509  475  439  412  394
    20.0-180.0 180.0   5.0 450.0                            LAT/LON1/LON2/DLON/H
  452  442  421  390  357  326  295  268  250  240  232  221  205  189  178  171
  166  160  156  155  162  174  191  205  212  206  193  180  177  191  218  248
  275  300  325  357  396  441  487  529  563  588  611  638  671  708  747  788
  827  862  895  926  952  968  971  959  937  909  874  832  779  723  674  640
  621  617  617  607  580  540  497  466  452
    17.5-180.0 180.0   5.0 450.0                            LAT/LON1/LON2/DLON/H
  493  491  476  452  422  391  354  316  288  273  262  246  227  209  194  186
  179  174  169  168  174  185  199  213  218  210  194  176  169  180  208  242
  273  304  336  374  419  468  516  559  594  621  647  674  707  743  782  821
  855  880  901  921  939  949  949  938  921  901  880  851  812  769  731  703
  687  681  678  664  633  585  535  502  493
    15.0-180.0 180.0   5.0 450.0                            LAT/LON1/LON2/DLON/H
  506  513  511  497  477  451  412  365  328  308  294  276  252  232  216  205
  196  189  182  181  184  192  204  215  218  209  191  171  159  169  198  236
  272  308  346  389  440  491  541  584  621  652  680  710  741  774  810  846
  872  884  890  898  906  909  905  895  883  873  863  848  823  793  768  749
  737  728  719  700  661  605  547  511  506
    12.5-180.0 180.0   5.0 450.0                            LAT/LON1/LON2/DLON/H
  488  501  514  516  512  494  457  406  364  342  328  307  281  257  240  226
  216  205  196  191  191  195  203  211  213  206  187  164  150  159  190  230
  272  312  355  404  456  509  558  602  641  677  708  739  768  798  832  862
  881  881  875  870  868  865  858  850  846  844  843  836  820  801  788  778
  768  757  742  716  670  604  535  493  488
    10.0-180.0 180.0   5.0 450.0                            LAT/LON1/LON2/DLON/H
  452  468  491  509  520  515  484  434  391  370  357  335  308  284  265  251
  237  223  208  197  193  192  196  203  207  201  184  161  146  153  183  226
  272  317  363  414  467  519  567  611  651  690  726  758  786  813  843  870
  883  878  862  849  842  835  830  827  829  833  834  829  816  803  795  792
  784  769  749  716  664  589  512  462  452
     7.5-180.0 180.0   5.0 450.0                            LAT/LON1/LON2/DLON/H
  416  431  460  488  509  513  489  445  408  389  378  358  331  307  290  275
  260  241  220  202  191  186  188  195  201  198  182  160  144  150  179  224
  273  321  369  420  472  521  566  608  651  693  732  766  792  816  842  869
  884  877  862  847  838  832  830  833  840  846  845  835  818  803  798  796
  788  771  746  710  652  572  489  432  416
     5.0-180.0 180.0   5.0 450.0                            LAT/LON1/LON2/DLON/H
  398  410  439  471  494  501  483  447  415  401  392  374  349  328  313  299
  283  260  232  208  190  182  181  188  196  197  183  162  146  149  177  222
  274  324  372  421  468  513  554  596  639  684  725  758  784  805  831  861
  882  884  874  863  855  852  854  862  874  880  872  852  827  807  798  795
  786  766  738  701  643  564  481  421  398
     2.5-180.0 180.0   5.0 450.0                            LAT/LON1/LON2/DLON/H
  416  422  446  473  491  495  478  446  419  406  398  383  362  344  332  321
  304  278  246  216  194  182  179  186  196  198  186  166  149  150  175  221
  272  324  371  416  459  499  537  577  620  663  704  737  761  780  808  844
  876  890  891  887  884  886  893  905  918  921  904  874  841  813  799  791
  778  756  727  690  637  566  492  439  416
