Assets/GIM/IGS0OPSRAP_20242990000_01D_02H_GIM.INX
     1.0            IONOSPHERE MAPS     MIX                 IONEX VERSION / TYPE
tecrms2ionex_2.awk  SRRC/UWM           10/27/24  510UT      PGM / RUN BY / DATE
Global ionosphere maps for day 299, 2024 (25-10-2024)       DESCRIPTION
IONEX file containing the COMBINED IGS Ionosphere maps      DESCRIPTION
from the combination of all available IAACS                 DESCRIPTION
Contact address: Andrzej Krankowski                         DESCRIPTION
                 Space Radio-Diagnostics Research Centre    DESCRIPTION
                 University of Warmia and Mazury (SRRC/UWM) DESCRIPTION
                 Oczapowski St. 1                           DESCRIPTION
                 10-957-Olsztyn, POLAND                     DESCRIPTION
                 e-mail:  kand@uwm.edu.pl                   DESCRIPTION
                                                            DESCRIPTION
  2024    10    25     0     0     0                        EPOCH OF FIRST MAP
  2024    10    26     0     0     0                        EPOCH OF LAST MAP
  7200                                                      INTERVAL
    13                                                      # OF MAPS IN FILE
  COSZ                                                      MAPPING FUNCTION
     0.0                                                    ELEVATION CUTOFF
Combined TEC calculated as weighted mean of input TEC valuesOBSERVABLES USED
   249                                                      # OF STATIONS
    31                                                      # OF SATELLITES
  6371.0                                                    BASE RADIUS
     2                                                      MAP DIMENSION
   450.0 450.0   0.0                                        HGT1 / HGT2 / DHGT
    87.5 -87.5  -2.5                                        LAT1 / LAT2 / DLAT
  -180.0 180.0   5.0                                        LON1 / LON2 / DLON
    -1                                                      EXPONENT
TEC values in  0.1 TECUs; 9999 if no value available        COMMENT
DCB values in nanoseconds, reference is Sum_of_SatDCBs = 0  COMMENT
                                                            END OF HEADER
[from data line 4290]
    11                                                      START OF TEC MAP
  2024    10    25    20     0     0                        EPOCH OF CURRENT MAP
    87.5-180.0 180.0   5.0 450.0                            LAT/LON1/LON2/DLON/H
  187  189  192  196  198  204  206  209  211  214  219  222  224  227  230  232
  235  238  240  242  243  245  248  248  248  247  247  247  246  245  243  242
  241  239  238  235  234  232  230  228  224  220  218  215  211  208  206  203
  200  197  194  191  187  185  183  182  180  179  178  176  176  174  174  172
  173  175  175  176  176  178  181  183  187
    85.0-180.0 180.0   5.0 450.0                            LAT/LON1/LON2/DLON/H
  171  178  185  192  200  205  214  223  229  237  243  247  251  256  260  259
  260  262  262  266  270  273  276  275  274  273  272  269  269  269  268  267
  266  264  263  259  255  253  248  242  238  231  224  217  212  207  201  191
  186  180  173  167  164  160  157  154  151  147  143  142  140  139  138  139
  139  141  143  147  150  156  160  166  171
    82.5-180.0 180.0   5.0 450.0                            LAT/LON1/LON2/DLON/H
  165  173  182  190  200  208  221  234  244  253  262  270  276  282  287  292
  295  297  296  295  289  290  294  290  294  294  296  297  291  288  286  281
  279  274  274  268  266  262  260  253  249  240  233  226  215  204  195  186
  179  167  159  152  146  142  139  135  130  125  121  119  118  118  120  122
  125  130  135  138  142  147  152  157  165
    80.0-180.0 180.0   5.0 450.0                            LAT/LON1/LON2/DLON/H
  165  172  182  194  210  226  241  255  265  274  283  292  301  312  321  326
  330  332  331  328  322  314  304  327  319  320  312  308  300  290  287  281
  280  278  277  277  273  268  264  258  251  246  240  231  221  210  198  186
  178  161  151  143  134  130  126  123  118  114  111  111  111  113  116  121
  126  131  135  138  142  145  153  158  165
    77.5-180.0 180.0   5.0 450.0                            LAT/LON1/LON2/DLON/H
  169  179  193  207  224  241  257  272  285  296  309  326  344  355  364  371
  373  373  370  372  364  350  337  323  312  306  302  289  283  274  270  263
  261  257  256  259  255  252  250  246  245  242  236  229  218  210  199  187
  179  158  147  138  128  122  117  115  114  112  111  111  112  114  117  122
  127  130  135  139  141  149  154  161  169
    75.0-180.0 180.0   5.0 450.0                            LAT/LON1/LON2/DLON/H
  180  193  208  224  241  259  279  293  305  326  348  370  383  395  417  430
  428  420  418  396  378  364  338  317  298  285  269  261  259  243  232  231
  232  229  221  217  221  219  217  219  219  215  218  211  207  197  191  180
  173  155  145  136  129  120  117  114  114  114  114  114  115  116  120  122
  125  130  133  138  142  152  159  169  180
    72.5-180.0 180.0   5.0 450.0                            LAT/LON1/LON2/DLON/H
  196  211  226  244  265  284  301  316  341  369  389  406  435  459  473  472
  471  464  434  412  392  365  334  307  284  265  246  230  218  205  206  198
  195  198  196  190  184  182  184  179  178  181  181  180  180  176  173  166
  161  151  140  133  127  121  116  114  114  115  116  116  117  118  120  122
  124  129  134  140  149  158  171  183  196
    70.0-180.0 180.0   5.0 450.0                            LAT/LON1/LON2/DLON/H
  214  231  247  266  285  307  325  349  376  401  430  459  475  494  510  512
  505  484  451  427  399  367  333  303  272  251  235  218  199  189  182  183
  180  177  176  170  165  162  159  156  153  152  150  153  151  150  151  146
  143  140  132  126  119  116  113  112  112  113  114  114  115  115  118  120
  123  128  135  145  157  169  185  201  214
    67.5-180.0 180.0   5.0 450.0                            LAT/LON1/LON2/DLON/H
  235  253  270  289  309  329  351  375  402  433  462  480  502  521  535  536
  524  502  472  444  415  385  346  317  285  257  238  220  204  193  189  186
  181  176  173  167  159  155  150  145  140  134  132  132  132  132  131  129
  127  125  119  114  111  107  106  105  106  107  107  107  108  109  111  113
  118  124  134  148  163  178  196  217  235
    65.0-180.0 180.0   5.0 450.0                            LAT/LON1/LON2/DLON/H
  252  273  292  312  330  352  376  399  424  454  478  499  520  536  546  547
  540  524  500  475  446  415  377  353  319  293  271  253  233  225  221  209
  202  192  182  171  160  151  144  137  129  124  120  118  117  117  116  114
  112  108  103   98   96   94   93   92   94   96   96   97   97   97   99  102
  107  116  127  145  161  183  204  231  252
    62.5-180.0 180.0   5.0 450.0                            LAT/LON1/LON2/DLON/H
  264  286  312  333  350  374  396  418  443  468  491  513  532  544  552  553
  550  539  526  506  479  449  418  391  364  340  315  302  284  271  258  242
  230  213  195  179  165  152  141  130  123  118  114  110  109  107  103  101
   98   92   86   82   81   79   79   80   83   84   85   86   86   86   87   89
   94  103  116  134  156  180  208  236  264
    60.0-180.0 180.0   5.0 450.0                            LAT/LON1/LON2/DLON/H
  270  298  327  350  372  393  415  436  458  480  503  524  539  550  558  559
  556  550  541  525  503  478  453  427  405  383  360  347  328  308  289  270
  252  232  209  188  170  155  141  130  122  116  112  110  105  102   97   92
   88   82   77   73   71   70   70   72   76   79   80   80   80   79   78   79
   84   91  104  122  145  175  203  238  270
    57.5-180.0 180.0   5.0 450.0                            LAT/LON1/LON2/DLON/H
  276  311  343  370  392  414  431  452  473  492  513  533  546  556  565  566
  563  559  552  540  523  502  480  457  436  417  394  377  360  336  313  290
  268  246  218  195  175  157  144  133  126  120  116  113  108  103   98   92
   87   80   76   72   70   68   69   72   76   80   81   82   80   78   75   74
   76   83   94  113  136  166  203  237  276
    55.0-180.0 180.0   5.0 450.0                            LAT/LON1/LON2/DLON/H
  282  320  357  386  411  434  451  472  490  507  524  542  555  564  570  571
  569  566  560  551  537  518  499  479  460  438  415  399  377  352  327  302
  275  251  225  200  179  161  147  137  130  126  124  120  115  110  105   99
   92   86   82   80   78   78   78   82   87   90   90   91   89   86   81   78
   77   81   91  108  134  161  199  242  282
    52.5-180.0 180.0   5.0 450.0                            LAT/LON1/LON2/DLON/H
  292  335  370  401  431  454  472  489  506  521  537  551  563  571  576  577
  575  571  565  558  546  529  511  492  471  449  428  405  384  358  334  307
  281  253  228  202  179  161  150  143  137  135  133  129  125  120  115  110
  104   97   94   93   94   95   98  102  106  107  107  108  106  102   97   90
   87   86   95  109  132  164  201  246  292
    50.0-180.0 180.0   5.0 450.0                            LAT/LON1/LON2/DLON/H
  305  346  384  417  447  471  489  504  521  536  549  562  573  581  584  584
  582  576  571  563  551  536  519  502  480  457  434  408  385  356  333  308
  280  251  225  200  179  164  154  148  145  144  143  139  135  130  125  122
  117  113  110  109  112  115  119  123  126  128  129  127  122  119  114  105
  101  100  105  119  138  168  209  257  305
    47.5-180.0 180.0   5.0 450.0                            LAT/LON1/LON2/DLON/H
  320  360  396  430  460  484  504  519  534  547  561  574  584  591  593  592
  588  582  575  567  556  543  526  511  490  469  441  415  385  355  328  302
  275  247  222  198  180  168  160  155  153  153  151  147  144  142  138  135
  132  129  125  124  127  130  134  139  142  144  143  142  136  133  127  120
  116  115  118  131  150  178  220  273  320
    45.0-180.0 180.0   5.0 450.0                            LAT/LON1/LON2/DLON/H
  332  374  408  440  469  494  513  528  542  557  571  585  595  600  602  600
  595  589  580  572  562  551  537  523  504  483  451  421  390  351  322  297
  268  244  221  200  186  177  170  165  163  161  158  155  153  153  151  149
  146  143  140  140  142  145  147  152  154  154  153  152  150  146  140  134
  129  128  131  144  166  199  238  286  332
    42.5-180.0 180.0   5.0 450.0                            LAT/LON1/LON2/DLON/H
  342  382  417  448  476  498  517  532  547  563  580  594  602  607  609  608
  604  598  590  582  573  563  551  539  521  501  469  431  394  350  319  293
  269  248  227  211  200  193  187  181  177  173  167  164  164  164  163  161
  159  155  153  154  153  153  155  157  158  157  157  157  157  154  149  144
  137  137  141  155  180  214  257  300  342
    40.0-180.0 180.0   5.0 450.0                            LAT/LON1/LON2/DLON/H
  351  388  419  449  475  497  515  532  548  565  582  596  606  612  615  616
  613  608  601  594  585  576  567  557  541  521  487  444  401  357  322  298
  279  264  248  238  231  225  215  207  201  193  186  178  177  177  174  170
  168  162  159  158  156  153  153  154  155  154  154  156  157  155  150  146
  141  140  148  164  192  227  269  312  351
    37.5-180.0 180.0   5.0 450.0                            LAT/LON1/LON2/DLON/H
  358  392  421  448  472  494  511  527  544  563  581  595  607  615  621  623
  622  619  614  607  599  591  583  577  563  540  508  460  413  370  339  315
  302  296  291  283  278  271  256  247  237  223  210  200  199  191  186  180
  176  166  162  157  154  147  146  146  149  149  150  154  155  152  148  144
  142  142  151  171  202  237  278  320  358
    35.0-180.0 180.0   5.0 450.0                            LAT/LON1/LON2/DLON/H
  362  392  420  447  471  492  508  525  540  560  578  592  605  616  625  630
  631  631  627  621  613  605  598  592  578  556  523  480  430  390  367  349
  346  351  357  351  345  334  316  296  279  256  238  229  223  210  200  187
  182  171  165  159  154  145  142  139  142  145  149  152  151  148  144  141
  139  142  153  176  210  249  289  327  362
    32.5-180.0 180.0   5.0 450.0                            LAT/LON1/LON2/DLON/H
  368  395  421  446  471  492  510  525  539  554  571  586  602  617  629  637
  641  642  639  634  625  614  606  599  587  565  534  494  457  422  410  404
  417  431  440  456  445  413  378  351  323  294  270  261  249  228  212  197
  193  184  177  171  164  156  150  145  143  145  151  151  150  147  142  138
  139  143  158  184  220  262  303  338  368
    30.0-180.0 180.0   5.0 450.0                            LAT/LON1/LON2/DLON/H
  382  407  432  453  477  502  520  533  542  552  564  578  597  616  632  641
  648  653  653  645  632  619  608  598  586  568  543  512  491  471  465  484
  510  540  552  571  544  491  444  408  365  328  303  288  271  247  230  218
  217  213  208  201  193  183  174  166  159  155  157  156  154  152  145  141
  142  151  170  197  237  279  319  354  382
    27.5-180.0 180.0   5.0 450.0                            LAT/LON1/LON2/DLON/H
  402  429  455  477  499  523  543  551  555  559  566  577  599  620  635  645
  653  663  662  652  637  622  607  596  586  575  555  543  540  532  543  571
  620  667  670  687  643  574  511  465  411  369  335  313  292  273  258  254
  259  259  255  249  240  222  209  196  184  175  169  165  162  159  153  149
  151  162  185  214  261  301  341  374  402
    25.0-180.0 180.0   5.0 450.0                            LAT/LON1/LON2/DLON/H
  431  460  489  518  539  562  575  581  582  581  581  588  607  628  641  650
  659  671  673  661  643  625  609  602  597  594  583  593  602  611  621  641
  716  770  777  779  709  618  558  512  458  413  372  349  321  303  301  302
  314  313  312  309  295  268  250  230  211  197  185  176  170  166  160  156
  159  174  200  238  283  327  368  402  431
    22.5-180.0 180.0   5.0 450.0                            LAT/LON1/LON2/DLON/H
  467  501  535  567  589  609  620  628  627  620  613  616  628  647  656  662
  670  685  687  678  658  637  624  624  625  632  641  662  682  694  699  717
  768  812  826  782  705  620  561  513  474  439  397  383  369  341  343  348
  366  368  373  367  353  319  292  262  235  215  198  186  178  171  166  162
  167  184  215  259  308  357  395  436  467
    20.0-180.0 180.0   5.0 450.0                            LAT/LON1/LON2/DLON/H
  511  550  593  623  648  669  679  688  684  675  664  663  667  681  682  685
  694  707  709  704  685  666  659  665  675  692  714  736  771  778  768  773
  799  812  799  724  650  577  507  457  443  433  407  401  397  367  367  374
  397  410  417  410  396  358  322  283  249  223  204  193  184  178  171  169
  174  193  228  277  331  380  425  468  511
    17.5-180.0 180.0   5.0 450.0                            LAT/LON1/LON2/DLON/H
  552  601  647  685  710  734  747  758  752  744  738  728  724  731  725  724
  731  743  744  742  727  714  714  725  742  770  796  820  852  851  810  786
  767  758  716  634  563  489  418  385  386  397  389  393  387  367  369  389
  412  421  430  428  408  369  328  286  250  223  204  194  188  181  175  173
  179  199  237  291  349  402  451  499  552
    15.0-180.0 180.0   5.0 450.0                            LAT/LON1/LON2/DLON/H
  590  646  696  741  777  798  823  829  827  815  813  800  791  794  788  782
  788  796  795  797  787  780  787  803  825  856  885  898  908  887  812  748
  696  662  609  540  470  402  341  321  332  353  359  364  359  350  355  377
  396  410  415  408  390  356  315  276  240  216  201  192  187  181  175  175
  182  204  245  302  362  418  471  527  590
    12.5-180.0 180.0   5.0 450.0                            LAT/LON1/LON2/DLON/H
  617  680  737  785  836  858  878  889  896  894  885  882  874  867  861  854
  857  863  861  864  856  857  863  884  909  937  959  962  943  897  795  697
  620  563  502  443  387  334  289  280  291  310  323  330  338  331  332  352
  365  375  379  369  354  329  293  258  230  212  199  191  186  181  177  173
  183  209  253  311  373  432  489  550  617
    10.0-180.0 180.0   5.0 450.0                            LAT/LON1/LON2/DLON/H
  636  702  762  815  869  901  923  945  963  963  958  957  951  947  942  935
  935  942  937  939  932  934  943  963  978  996 1004  997  964  901  790  660
  567  496  426  372  333  296  265  263  278  299  311  317  320  314  316  324
  329  334  339  332  321  302  272  247  227  215  206  200  194  189  181  174
  184  217  263  320  383  444  503  568  636
     7.5-180.0 180.0   5.0 450.0                            LAT/LON1/LON2/DLON/H
  651  713  772  824  877  920  950  983 1011 1020 1021 1024 1023 1023 1026 1021
 1021 1030 1024 1025 1012 1011 1021 1027 1028 1031 1023 1003  965  895  777  640
  542  455  390  346  312  292  280  282  299  323  332  332  329  324  323  321
  319  313  314  312  304  289  268  252  240  232  226  221  213  204  194  184
  191  223  274  336  395  457  515  585  651
     5.0-180.0 180.0   5.0 450.0                            LAT/LON1/LON2/DLON/H
  656  719  771  820  873  920  959 1000 1036 1059 1066 1073 1079 1088 1100 1103
 1103 1112 1112 1108 1092 1088 1079 1069 1054 1043 1025  999  957  885  773  638
  531  449  397  367  342  337  338  343  356  375  380  375  366  358  356  349
  340  319  314  312  303  291  282  273  267  263  259  252  241  226  211  200
  205  237  289  352  411  469  530  594  656
     2.5-180.0 180.0   5.0 450.0                            LAT/LON1/LON2/DLON/H
  658  717  766  810  863  912  955  997 1042 1074 1089 1099 1109 1130 1145 1160
 1159 1160 1164 1164 1151 1134 1114 1089 1062 1039 1017  990  949  887  790  661
  557  483  444  432  416  431  439  438  430  441  447  438  431  417  411  393
  379  349  337  330  322  317  310  305  302  301  299  289  272  253  232  219
  225  256  308  368  425  482  539  602  658
