Assets/GIM/IGS0OPSRAP_20242180000_01D_02H_GIM.INX
     1.0            IONOSPHERE MAPS     MIX                 IONEX VERSION / TYPE
tecrms2ionex_2.awk  SRRC/UWM           08/07/24  508UT      PGM / RUN BY / DATE
Global ionosphere maps for day 218, 2024 ( 5- 8-2024)       DESCRIPTION
IONEX file containing the COMBINED IGS Ionosphere maps      DESCRIPTION
from the combination of all available IAACS                 DESCRIPTION
Contact address: Andrzej Krankowski                         DESCRIPTION
                 Space Radio-Diagnostics Research Centre    DESCRIPTION
                 University of Warmia and Mazury (SRRC/UWM) DESCRIPTION
                 Oczapowski St. 1                           DESCRIPTION
                 10-957-Olsztyn, POLAND                     DESCRIPTION
                 e-mail:  kand@uwm.edu.pl                   DESCRIPTION
                                                            DESCRIPTION
  2024     8     5     0     0     0                        EPOCH OF FIRST MAP
  2024     8     6     0     0     0                        EPOCH OF LAST MAP
  7200                                                      INTERVAL
    13                                                      # OF MAPS IN FILE
  COSZ                                                      MAPPING FUNCTION
     0.0                                                    ELEVATION CUTOFF
Combined TEC calculated as weighted mean of input TEC valuesOBSERVABLES USED
   248                                                      # OF STATIONS
    31                                                      # OF SATELLITES
  6371.0                                                    BASE RADIUS
     2                                                      MAP DIMENSION
   450.0 450.0   0.0                                        HGT1 / HGT2 / DHGT
    87.5 -87.5  -2.5                                        LAT1 / LAT2 / DLAT
  -180.0 180.0   5.0                                        LON1 / LON2 / DLON
    -1                                                      EXPONENT
TEC values in  0.1 TECUs; 9999 if no value available        COMMENT
DCB values in nanoseconds, reference is Sum_of_SatDCBs = 0  COMMENT
                                                            END OF HEADER
[from data line 4290]
    11                                                      START OF TEC MAP
  2024     8     5    20     0     0                        EPOCH OF CURRENT MAP
    87.5-180.0 180.0   5.0 450.0                            LAT/LON1/LON2/DLON/H
  192  192  192  193  193  194  194  194  194  194  195  196  196  197  197  198
  198  199  199  200  200  200  200  201  201  201  201  201  201  200  200  200
  200  199  199  199  198  198  197  197  196  196  195  195  194  194  194  194
  193  193  193  193  193  193  192  192  192  192  192  192  192  193  193  193
  193  193  193  193  193  193  192  192  192
    85.0-180.0 180.0   5.0 450.0                            LAT/LON1/LON2/DLON/H
  193  193  192  192  192  192  193  193  194  195  196  197  198  200  201  203
  204  206  207  208  209  210  210  211  212  211  212  211  211  210  210  209
  208  207  206  205  203  202  201  199  198  197  196  196  195  194  193  192
  193  192  192  192  192  193  193  193  193  194  194  194  195  195  195  195
  195  195  195  194  194  194  193  193  193
    82.5-180.0 180.0   5.0 450.0                            LAT/LON1/LON2/DLON/H
  195  194  193  192  191  192  192  192  194  195  198  199  202  205  208  210
  213  215  217  219  220  222  223  224  224  224  224  223  222  221  220  218
  217  215  213  210  208  206  204  202  200  199  197  195  194  193  193  191
  191  191  191  191  192  192  193  194  194  196  197  197  198  199  199  200
  201  201  200  200  199  199  197  196  195
    80.0-180.0 180.0   5.0 450.0                            LAT/LON1/LON2/DLON/H
  199  197  195  193  192  191  191  192  194  197  199  203  207  211  215  219
  223  226  229  231  233  235  236  236  237  236  236  235  233  232  230  228
  225  222  219  217  213  210  207  204  201  199  197  195  193  192  191  190
  190  190  189  190  190  192  193  193  195  197  198  200  202  204  205  206
  207  207  208  207  206  205  203  201  199
    77.5-180.0 180.0   5.0 450.0                            LAT/LON1/LON2/DLON/H
  204  201  198  196  194  192  192  193  195  197  201  207  212  217  223  228
  233  237  240  244  246  247  247  248  248  247  247  245  244  242  239  236
  233  229  225  221  216  212  208  205  201  198  196  193  192  190  189  188
  187  187  187  188  188  189  189  191  194  196  199  202  204  207  209  211
  212  214  215  214  213  211  210  207  204
    75.0-180.0 180.0   5.0 450.0                            LAT/LON1/LON2/DLON/H
  211  207  203  199  196  194  193  194  196  199  204  210  217  224  230  237
  242  247  250  253  255  256  257  257  257  255  254  253  251  248  246  243
  239  235  230  224  219  214  209  205  201  197  194  192  189  189  187  186
  185  185  184  184  184  185  186  187  190  192  195  199  202  205  209  212
  215  217  218  219  219  219  217  214  211
    72.5-180.0 180.0   5.0 450.0                            LAT/LON1/LON2/DLON/H
  216  212  208  203  199  196  195  195  197  201  207  214  221  229  237  243
  249  253  257  259  261  263  263  262  262  260  259  257  255  252  249  245
  242  237  232  226  221  216  210  206  201  197  194  191  189  187  186  184
  183  182  181  180  179  179  179  181  182  186  189  192  196  201  205  209
  213  217  220  222  224  223  221  219  216
    70.0-180.0 180.0   5.0 450.0                            LAT/LON1/LON2/DLON/H
  221  216  211  207  202  200  198  198  200  204  209  217  224  232  240  246
  251  256  260  262  264  265  266  265  265  263  261  258  256  253  249  246
  242  237  233  228  223  218  213  207  203  199  195  193  190  187  185  183
  180  178  175  174  172  171  171  171  173  176  179  183  187  192  198  203
  209  214  219  222  225  226  226  224  221
    67.5-180.0 180.0   5.0 450.0                            LAT/LON1/LON2/DLON/H
  223  219  215  211  207  203  201  201  203  206  211  218  225  232  239  245
  250  255  258  261  264  265  265  265  264  262  260  256  253  250  246  243
  241  237  234  230  226  221  216  212  208  204  199  196  191  187  184  180
  177  173  170  166  163  162  161  161  162  164  167  170  175  181  187  194
  201  209  215  221  225  227  228  226  223
    65.0-180.0 180.0   5.0 450.0                            LAT/LON1/LON2/DLON/H
  225  221  218  214  210  207  204  204  204  207  211  217  223  230  237  241
  246  250  254  258  261  262  264  263  262  260  256  253  249  245  242  239
  238  236  234  232  229  227  224  220  216  211  205  200  194  189  183  179
  173  168  163  157  154  151  150  150  150  151  153  157  162  167  176  184
  193  202  211  218  223  226  227  227  225
    62.5-180.0 180.0   5.0 450.0                            LAT/LON1/LON2/DLON/H
  225  222  220  216  212  209  207  205  205  207  210  215  220  226  232  236
  241  245  249  253  257  260  261  260  259  257  253  248  245  241  238  237
  237  236  237  236  236  234  232  230  226  220  213  206  198  191  184  177
  169  162  154  147  143  141  139  139  139  141  142  145  150  157  165  175
  186  197  208  216  223  226  227  227  225
    60.0-180.0 180.0   5.0 450.0                            LAT/LON1/LON2/DLON/H
  225  223  220  217  214  211  208  206  205  205  208  211  216  221  227  232
  236  241  245  249  253  256  258  259  257  253  250  245  242  239  239  238
  239  240  242  243  244  244  242  240  236  229  221  212  203  194  184  176
  166  156  147  140  135  131  131  131  132  132  134  137  142  149  159  170
  183  195  207  217  223  227  227  227  225
    57.5-180.0 180.0   5.0 450.0                            LAT/LON1/LON2/DLON/H
  226  224  221  219  216  213  209  207  205  203  204  208  213  218  224  228
  233  238  242  247  252  255  257  257  255  252  249  245  243  242  243  244
  245  247  250  252  253  254  252  249  244  236  227  217  207  196  186  176
  165  154  144  136  129  127  126  127  127  129  131  134  140  148  158  171
  184  199  211  221  227  230  230  229  226
    55.0-180.0 180.0   5.0 450.0                            LAT/LON1/LON2/DLON/H
  232  229  226  223  219  215  211  208  205  203  203  206  211  216  222  227
  233  237  241  247  251  255  257  257  255  252  251  249  249  250  251  253
  255  256  259  260  263  263  261  257  251  242  233  221  210  200  189  178
  167  155  144  135  130  127  126  128  129  131  134  138  143  152  163  177
  192  206  219  229  235  238  237  235  232
    52.5-180.0 180.0   5.0 450.0                            LAT/LON1/LON2/DLON/H
  243  239  234  229  225  220  216  211  208  205  205  207  211  216  222  228
  233  238  243  248  253  257  259  259  258  257  256  256  259  261  263  264
  264  265  266  268  270  270  268  264  256  246  236  225  214  203  193  183
  173  162  152  143  136  133  131  133  135  137  140  145  151  161  173  188
  203  219  232  242  248  251  250  246  243
    50.0-180.0 180.0   5.0 450.0                            LAT/LON1/LON2/DLON/H
  260  255  248  242  235  230  224  218  214  212  210  211  214  218  224  230
  236  241  245  251  255  259  262  263  262  263  264  267  270  273  274  273
  271  270  271  273  274  275  273  267  258  249  238  227  217  208  199  191
  182  173  164  155  148  143  141  141  143  145  149  154  161  171  183  200
  217  233  247  258  265  268  267  265  260
    47.5-180.0 180.0   5.0 450.0                            LAT/LON1/LON2/DLON/H
  283  277  268  260  252  244  237  231  225  222  220  219  219  222  226  233
  239  244  249  254  259  263  265  267  269  272  274  278  281  282  281  278
  275  272  272  275  278  279  278  271  262  251  241  230  221  213  207  201
  194  187  178  170  162  156  152  151  152  154  156  161  167  178  192  209
  228  245  261  274  283  288  290  288  283
    45.0-180.0 180.0   5.0 450.0                            LAT/LON1/LON2/DLON/H
  309  303  293  284  273  265  256  248  243  238  234  230  228  227  230  236
  242  249  254  259  264  267  271  275  278  282  286  289  290  288  283  279
  275  273  274  277  282  284  282  277  267  256  245  235  227  221  216  212
  208  202  194  185  177  168  163  160  159  159  161  164  170  181  196  214
  235  255  273  289  301  309  313  313  309
    42.5-180.0 180.0   5.0 450.0                            LAT/LON1/LON2/DLON/H
  337  331  322  311  301  290  282  273  265  259  252  246  240  237  237  241
  248  255  260  265  270  275  280  285  291  295  298  299  296  291  284  279
  276  276  279  284  290  292  291  285  275  263  253  243  236  231  228  226
  223  217  209  200  189  180  172  167  165  164  163  165  169  179  194  215
  237  261  282  301  317  329  336  339  337
    40.0-180.0 180.0   5.0 450.0                            LAT/LON1/LON2/DLON/H
  360  357  349  341  332  322  312  302  293  284  276  267  258  251  249  252
  259  265  270  276  280  285  291  298  304  309  311  309  302  294  286  282
  282  287  294  300  305  306  304  298  287  276  265  255  248  244  243  242
  239  232  222  211  200  190  182  175  170  167  164  164  167  174  188  209
  236  262  288  310  330  345  355  360  360
    37.5-180.0 180.0   5.0 450.0                            LAT/LON1/LON2/DLON/H
  380  380  375  369  362  354  345  335  325  314  304  293  283  273  269  270
  276  281  287  290  294  299  306  313  319  324  325  319  309  300  293  294
  301  312  322  329  330  329  325  317  307  294  282  272  265  262  260  259
  255  247  235  223  211  201  192  184  179  173  169  167  167  171  184  203
  231  260  290  316  338  356  368  377  380
    35.0-180.0 180.0   5.0 450.0                            LAT/LON1/LON2/DLON/H
  393  396  396  395  392  388  381  370  359  347  336  325  315  305  298  298
  301  305  309  311  312  316  322  329  335  338  337  330  321  313  312  320
  336  352  363  367  364  359  353  344  332  317  304  293  285  280  280  279
  273  263  250  236  224  214  206  197  189  183  178  175  172  173  181  198
  225  257  289  317  342  362  376  386  393
    32.5-180.0 180.0   5.0 450.0                            LAT/LON1/LON2/DLON/H
  400  407  412  417  419  419  415  406  395  384  373  364  355  346  338  336
  337  339  339  337  335  336  340  345  348  349  348  343  338  335  343  361
  383  403  414  413  404  393  384  374  360  344  327  313  304  300  300  298
  291  279  265  252  240  232  224  216  207  199  195  190  186  181  184  197
  221  252  285  316  342  363  378  391  400
    30.0-180.0 180.0   5.0 450.0                            LAT/LON1/LON2/DLON/H
  402  413  423  433  442  447  447  440  430  421  413  407  401  394  387  383
  381  380  375  368  361  358  358  359  360  361  360  359  360  366  384  411
  440  462  469  459  444  429  416  404  387  367  346  330  319  316  316  315
  308  296  282  270  261  255  249  239  228  219  216  213  205  197  192  198
  217  245  278  311  339  360  377  390  402
    27.5-180.0 180.0   5.0 450.0                            LAT/LON1/LON2/DLON/H
  401  415  429  445  460  470  475  472  467  460  456  454  452  449  442  437
  433  428  418  404  389  381  376  374  373  374  377  382  389  405  431  467
  501  521  519  500  477  457  442  425  404  379  355  336  327  326  328  328
  322  312  300  290  283  279  275  263  249  240  237  235  226  213  202  201
  213  237  268  302  332  356  373  388  401
    25.0-180.0 180.0   5.0 450.0                            LAT/LON1/LON2/DLON/H
  399  414  432  453  474  490  499  501  499  499  500  503  506  506  503  497
  490  481  464  442  421  406  396  392  390  393  400  412  426  449  482  523
  559  574  559  526  494  469  450  430  404  375  349  332  326  328  334  335
  332  324  314  308  304  303  298  284  267  257  254  252  243  227  212  204
  209  229  258  292  325  351  370  385  399
    22.5-180.0 180.0   5.0 450.0                            LAT/LON1/LON2/DLON/H
  397  413  434  459  484  504  518  526  531  536  543  553  561  565  565  560
  553  538  514  484  455  434  423  417  417  423  435  452  471  496  532  573
  607  612  582  533  490  460  437  412  381  350  325  313  315  325  335  339
  337  331  325  321  322  322  315  298  279  265  262  261  252  235  217  204
  205  220  248  283  319  347  368  382  397
    20.0-180.0 180.0   5.0 450.0                            LAT/LON1/LON2/DLON/H
  397  415  437  463  490  513  531  547  558  571  584  599  612  622  626  624
  615  596  566  528  494  469  456  453  457  468  484  502  522  546  577  614
  640  632  585  519  464  427  398  369  337  309  291  290  302  319  333  338
  338  334  330  330  332  331  322  303  280  265  260  259  251  234  216  202
  200  213  240  277  315  346  368  384  397
    17.5-180.0 180.0   5.0 450.0                            LAT/LON1/LON2/DLON/H
  405  421  443  470  496  520  542  563  582  601  621  640  659  674  684  685
  677  655  620  576  537  511  499  499  508  524  542  559  575  593  616  643
  657  633  567  485  416  372  341  313  286  266  259  269  291  314  331  338
  337  333  330  331  335  334  323  301  277  259  252  248  241  228  210  197
  194  207  235  274  315  349  374  391  405
    15.0-180.0 180.0   5.0 450.0                            LAT/LON1/LON2/DLON/H
  419  435  456  480  504  528  552  578  602  625  649  674  698  719  735  741
  735  713  675  628  587  560  550  555  568  585  603  617  625  634  645  658
  656  616  533  437  360  312  283  261  243  234  240  261  290  316  332  338
  337  331  327  330  334  331  317  295  271  251  241  236  228  217  203  191
  189  202  232  273  319  356  384  404  419
    12.5-180.0 180.0   5.0 450.0                            LAT/LON1/LON2/DLON/H
  441  457  476  497  518  541  565  593  620  647  674  702  730  756  777  789
  787  767  730  683  642  617  609  615  629  646  659  666  666  664  663  661
  643  587  494  392  314  268  245  232  224  227  246  274  305  326  338  343
  340  332  325  327  330  325  311  290  267  248  235  224  216  206  194  184
  183  197  229  274  323  365  398  422  441
    10.0-180.0 180.0   5.0 450.0                            LAT/LON1/LON2/DLON/H
  465  485  503  521  541  561  584  612  640  668  696  725  756  785  810  827
  830  816  784  741  703  678  670  674  685  696  703  702  694  684  672  658
  625  560  466  369  296  258  243  238  240  253  278  308  332  345  351  353
  350  338  327  325  326  321  306  287  268  250  233  219  208  197  185  176
  176  192  226  274  327  374  412  442  465
     7.5-180.0 180.0   5.0 450.0                            LAT/LON1/LON2/DLON/H
  490  513  532  550  570  591  612  637  664  689  717  746  778  808  834  854
  863  857  831  796  763  740  729  727  730  733  731  723  710  695  677  654
  614  547  461  379  321  294  287  287  292  305  329  355  369  369  367  368
  365  351  334  327  323  315  302  287  272  256  237  219  203  190  178  169
  169  184  221  272  329  381  424  461  490
     5.0-180.0 180.0   5.0 450.0                            LAT/LON1/LON2/DLON/H
  510  538  559  578  601  624  647  669  691  714  739  768  799  827  852  871
  884  884  868  841  815  794  779  769  764  757  745  731  717  702  683  655
  614  556  488  431  393  375  368  362  361  368  386  402  404  392  384  384
  382  366  344  328  317  306  294  285  274  261  241  219  199  183  170  161
  160  176  212  266  326  382  431  474  510
     2.5-180.0 180.0   5.0 450.0                            LAT/LON1/LON2/DLON/H
  521  552  577  601  629  657  680  701  721  741  765  792  819  844  863  878
  890  895  888  871  852  833  815  799  785  770  753  736  723  710  694  667
  632  589  546  512  490  474  458  441  427  425  434  440  429  407  394  396
  396  377  348  324  306  291  280  274  268  258  239  216  193  176  162  152
  151  166  202  257  319  378  431  480  521
